3352
    1     2     1
    2    10     9
    3     3     2
    4    10     9
    5     4     3
    6     6     5
    7     7     6
    8    11    10
    9     8     7
   10    10     9
   11     3     2
   12     5     4
   13     3     2
   14    11    10
   15     9     8
   16     4     3
   17     2     1
   18    11    10
   19     4     3
   20     9     8
   21     6     5
   22     2     1
   23     6     5
   24    11    10
   25     9     8
   26     6     5
   27     7     6
   28     9     8
   29    10     9
   30     6     5
   31     7     6
   32    10     9
   33     2     1
   34     7     6
   35     6     5
   36     4     3
   37     4     3
   38     4     3
   39    10     9
   40    10     9
   41     4     3
   42     5     4
   43     6     5
   44     3     2
   45     9     8
   46     9     8
   47    10     9
   48     6     5
   49     9     8
   50     6     5
   51     5     4
   52     2     1
   53     6     5
   54     8     7
   55     6     5
   56     5     4
   57     4     3
   58     4     3
   59     6     5
   60     4     3
   61     4     3
   62     2     1
   63    11    10
   64     2     1
   65     5     4
   66     4     3
   67     7     6
   68     5     4
   69     5     4
   70     4     3
   71     8     7
   72     9     8
   73     6     5
   74     9     8
   75     8     7
   76    10     9
   77     8     7
   78     9     8
   79     9     8
   80     4     3
   81     3     2
   82     5     4
   83    10     9
   84     7     6
   85     5     4
   86     6     5
   87     5     4
   88    10     9
   89    11    10
   90     3     2
   91     3     2
   92     2     1
   93     4     3
   94     3     2
   95     2     1
   96     8     7
   97     8     7
   98     3     2
   99     4     3
  100     8     7
  101     9     8
  102     8     7
  103     7     6
  104     6     5
  105     5     4
  106     8     7
  107     3     2
  108     6     5
  109     4     3
  110     2     1
  111     8     7
  112     8     7
  113     9     8
  114     3     2
  115     8     7
  116     5     4
  117     3     2
  118     9     8
  119     4     3
  120     6     5
  121     9     8
  122     6     5
  123     8     7
  124    10     9
  125     2     1
  126     9     8
  127     5     4
  128     2     1
  129    10     9
  130     8     7
  131     4     3
  132     5     4
  133     6     5
  134     7     6
  135     4     3
  136     3     2
  137     5     4
  138    11    10
  139     3     2
  140     8     7
  141     5     4
  142     3     2
  143    10     9
  144     5     4
  145     9     8
  146     3     2
  147     6     5
  148     3     2
  149    10     9
  150     5     4
  151     3     2
  152     9     8
  153     9     8
  154     5     4
  155     6     5
  156     9     8
  157    10     9
  158     2     1
  159     6     5
  160     3     2
  161     6     5
  162     8     7
  163     2     1
  164     9     8
  165     8     7
  166     6     5
  167     3     2
  168     8     7
  169    11    10
  170     2     1
  171     6     5
  172    11    10
  173    10     9
  174     6     5
  175     9     8
  176     4     3
  177     8     7
  178     3     2
  179     2     1
  180     3     2
  181     6     5
  182     9     8
  183     2     1
  184     7     6
  185     2     1
  186     4     3
  187     6     5
  188     2     1
  189     7     6
  190     5     4
  191     9     8
  192    10     9
  193    11    10
  194     6     5
  195     3     2
  196    11    10
  197    11    10
  198    11    10
  199     2     1
  200    11    10
  201    10     9
  202     2     1
  203     4     3
  204     2     1
  205     5     4
  206     5     4
  207     5     4
  208     3     2
  209     2     1
  210     2     1
  211    11    10
  212     8     7
  213     8     7
  214     5     4
  215     2     1
  216    10     9
  217     2     1
  218     9     8
  219     4     3
  220     7     6
  221    11    10
  222     9     8
  223     2     1
  224     7     6
  225     8     7
  226     6     5
  227     9     8
  228     2     1
  229     4     3
  230     4     3
  231    10     9
  232    10     9
  233     3     2
  234     4     3
  235     5     4
  236     5     4
  237     8     7
  238     8     7
  239    11    10
  240     3     2
  241     7     6
  242     3     2
  243     5     4
  244     8     7
  245     6     5
  246     5     4
  247     7     6
  248     9     8
  249     4     3
  250    10     9
  251     9     8
  252     6     5
  253     8     7
  254    11    10
  255     2     1
  256     5     4
  257     9     8
  258     6     5
  259     7     6
  260     5     4
  261     7     6
  262    10     9
  263     5     4
  264     7     6
  265    11    10
  266    10     9
  267    11    10
  268    10     9
  269     5     4
  270    10     9
  271     7     6
  272     8     7
  273     7     6
  274     8     7
  275     5     4
  276     8     7
  277     6     5
  278    10     9
  279     3     2
  280     5     4
  281    10     9
  282    11    10
  283    10     9
  284     6     5
  285     6     5
  286     8     7
  287    11    10
  288     4     3
  289     9     8
  290    11    10
  291     2     1
  292     9     8
  293    10     9
  294     5     4
  295     9     8
  296     5     4
  297     9     8
  298     7     6
  299     8     7
  300     8     7
  301     8     7
  302     6     5
  303     7     6
  304     3     2
  305    10     9
  306    11    10
  307    10     9
  308     3     2
  309     8     7
  310    10     9
  311     2     1
  312     8     7
  313     2     1
  314    11    10
  315    11    10
  316     5     4
  317     3     2
  318     2     1
  319    11    10
  320     6     5
  321     3     2
  322     2     1
  323    10     9
  324     9     8
  325     3     2
  326     4     3
  327     5     4
  328     6     5
  329     9     8
  330     9     8
  331     8     7
  332    10     9
  333    11    10
  334     4     3
  335    11    10
  336     8     7
  337    11    10
  338     9     8
  339     9     8
  340     6     5
  341     6     5
  342     6     5
  343     9     8
  344     9     8
  345     8     7
  346     6     5
  347     5     4
  348     8     7
  349     2     1
  350    11    10
  351     3     2
  352     4     3
  353     5     4
  354     4     3
  355     6     5
  356    10     9
  357     2     1
  358     7     6
  359     5     4
  360     3     2
  361     8     7
  362    10     9
  363     3     2
  364     3     2
  365     3     2
  366     2     1
  367     6     5
  368     6     5
  369     6     5
  370     5     4
  371    11    10
  372    11    10
  373     9     8
  374     5     4
  375     8     7
  376     7     6
  377    10     9
  378     7     6
  379    11    10
  380     5     4
  381     9     8
  382    10     9
  383     7     6
  384     2     1
  385     6     5
  386    11    10
  387    11    10
  388     9     8
  389    10     9
  390     2     1
  391     5     4
  392     2     1
  393     7     6
  394    11    10
  395    10     9
  396     8     7
  397     2     1
  398     7     6
  399     8     7
  400     3     2
  401     7     6
  402     7     6
  403     2     1
  404     5     4
  405     9     8
  406     3     2
  407     5     4
  408     8     7
  409     9     8
  410     5     4
  411     2     1
  412     7     6
  413    10     9
  414     7     6
  415     3     2
  416    11    10
  417     2     1
  418     9     8
  419     9     8
  420     5     4
  421     5     4
  422    10     9
  423     6     5
  424     4     3
  425     5     4
  426     7     6
  427     9     8
  428     5     4
  429     6     5
  430     9     8
  431     5     4
  432     5     4
  433     4     3
  434     4     3
  435     9     8
  436     5     4
  437    10     9
  438     6     5
  439     3     2
  440     3     2
  441     7     6
  442    10     9
  443     8     7
  444     4     3
  445    11    10
  446     2     1
  447     9     8
  448     9     8
  449     7     6
  450     3     2
  451     3     2
  452     5     4
  453    11    10
  454    11    10
  455     6     5
  456     3     2
  457     9     8
  458     7     6
  459     8     7
  460     2     1
  461     9     8
  462     6     5
  463     2     1
  464    10     9
  465     2     1
  466    10     9
  467    10     9
  468     4     3
  469     6     5
  470     4     3
  471    10     9
  472     6     5
  473     9     8
  474     5     4
  475     3     2
  476     3     2
  477     8     7
  478     4     3
  479     6     5
  480     2     1
  481     6     5
  482    10     9
  483     8     7
  484     6     5
  485     8     7
  486     6     5
  487    11    10
  488    10     9
  489     5     4
  490    11    10
  491     8     7
  492     4     3
  493     5     4
  494    11    10
  495    11    10
  496     2     1
  497     9     8
  498     5     4
  499     4     3
  500     9     8
  501     5     4
  502     8     7
  503     2     1
  504    11    10
  505     6     5
  506     8     7
  507    11    10
  508     7     6
  509     5     4
  510     3     2
  511     7     6
  512     4     3
  513     8     7
  514     2     1
  515     5     4
  516     5     4
  517     6     5
  518     9     8
  519     3     2
  520     4     3
  521     2     1
  522     5     4
  523     4     3
  524    10     9
  525     7     6
  526     7     6
  527     2     1
  528     7     6
  529     8     7
  530     3     2
  531     2     1
  532     5     4
  533     3     2
  534     3     2
  535     2     1
  536    10     9
  537     8     7
  538     4     3
  539     7     6
  540     3     2
  541     3     2
  542     7     6
  543     7     6
  544     9     8
  545     9     8
  546     7     6
  547     4     3
  548     4     3
  549     7     6
  550    10     9
  551     5     4
  552     3     2
  553     7     6
  554    10     9
  555     6     5
  556    11    10
  557     7     6
  558     6     5
  559    10     9
  560     7     6
  561     2     1
  562     4     3
  563    10     9
  564     4     3
  565     8     7
  566     7     6
  567     6     5
  568     9     8
  569     4     3
  570     6     5
  571     9     8
  572    10     9
  573     8     7
  574     6     5
  575    10     9
  576     7     6
  577     3     2
  578     7     6
  579     5     4
  580     6     5
  581     2     1
  582     9     8
  583     7     6
  584     5     4
  585     7     6
  586    11    10
  587     9     8
  588     7     6
  589     9     8
  590     4     3
  591     5     4
  592     6     5
  593     8     7
  594     2     1
  595    11    10
  596    10     9
  597     3     2
  598     8     7
  599    10     9
  600     2     1
  601     2     1
  602     9     8
  603    11    10
  604     9     8
  605     8     7
  606     8     7
  607     6     5
  608     6     5
  609    10     9
  610     8     7
  611     2     1
  612     9     8
  613    11    10
  614    10     9
  615     3     2
  616     2     1
  617     7     6
  618     7     6
  619     6     5
  620     7     6
  621     3     2
  622     8     7
  623     3     2
  624    10     9
  625    11    10
  626     7     6
  627     2     1
  628     5     4
  629     2     1
  630    10     9
  631     5     4
  632     7     6
  633     8     7
  634     2     1
  635     8     7
  636     7     6
  637     2     1
  638    11    10
  639     5     4
  640     3     2
  641     7     6
  642     8     7
  643     2     1
  644     4     3
  645     4     3
  646     3     2
  647    10     9
  648     2     1
  649     2     1
  650     8     7
  651     8     7
  652    11    10
  653    11    10
  654    11    10
  655     5     4
  656     4     3
  657     9     8
  658     3     2
  659    10     9
  660     9     8
  661     5     4
  662     2     1
  663    11    10
  664     4     3
  665     5     4
  666     7     6
  667    11    10
  668    11    10
  669     7     6
  670     2     1
  671     6     5
  672     4     3
  673     3     2
  674    10     9
  675     5     4
  676    11    10
  677     7     6
  678     2     1
  679     8     7
  680     7     6
  681    10     9
  682    10     9
  683    10     9
  684     7     6
  685     4     3
  686     3     2
  687     9     8
  688     6     5
  689     3     2
  690     8     7
  691     5     4
  692     3     2
  693     7     6
  694     9     8
  695     2     1
  696     5     4
  697     8     7
  698     2     1
  699     7     6
  700     4     3
  701    11    10
  702     5     4
  703    10     9
  704     2     1
  705     2     1
  706    11    10
  707     5     4
  708     5     4
  709     8     7
  710     9     8
  711     6     5
  712    11    10
  713    10     9
  714     8     7
  715     8     7
  716    10     9
  717     4     3
  718    10     9
  719     5     4
  720    11    10
  721     7     6
  722    11    10
  723     8     7
  724     6     5
  725    11    10
  726     9     8
  727     7     6
  728     8     7
  729     9     8
  730     3     2
  731     3     2
  732     9     8
  733     9     8
  734     6     5
  735     6     5
  736     5     4
  737    10     9
  738     5     4
  739    11    10
  740     9     8
  741     8     7
  742     6     5
  743     8     7
  744    11    10
  745     9     8
  746     4     3
  747     6     5
  748    10     9
  749     2     1
  750     3     2
  751     6     5
  752     7     6
  753     3     2
  754     2     1
  755     2     1
  756     5     4
  757     9     8
  758     2     1
  759     6     5
  760     9     8
  761     7     6
  762     3     2
  763     3     2
  764     5     4
  765    11    10
  766    10     9
  767     4     3
  768     4     3
  769    10     9
  770     8     7
  771     2     1
  772     6     5
  773     5     4
  774    11    10
  775     8     7
  776     4     3
  777     5     4
  778     5     4
  779     3     2
  780     5     4
  781     7     6
  782     8     7
  783     2     1
  784     7     6
  785     3     2
  786     4     3
  787     3     2
  788    11    10
  789    10     9
  790     9     8
  791    11    10
  792     2     1
  793     7     6
  794     8     7
  795     9     8
  796     6     5
  797     5     4
  798    11    10
  799     4     3
  800     9     8
  801     4     3
  802     8     7
  803     3     2
  804    11    10
  805    11    10
  806     2     1
  807     2     1
  808     8     7
  809     3     2
  810     8     7
  811     8     7
  812     6     5
  813     6     5
  814    11    10
  815    11    10
  816     9     8
  817    10     9
  818     2     1
  819    10     9
  820     5     4
  821    10     9
  822    11    10
  823     7     6
  824     6     5
  825     8     7
  826     5     4
  827     4     3
  828     7     6
  829     8     7
  830     5     4
  831     8     7
  832     3     2
  833     7     6
  834     5     4
  835    10     9
  836    11    10
  837     6     5
  838     2     1
  839     2     1
  840    10     9
  841     9     8
  842    11    10
  843     6     5
  844     4     3
  845     9     8
  846     9     8
  847     2     1
  848    10     9
  849     8     7
  850     8     7
  851     2     1
  852     9     8
  853     8     7
  854    10     9
  855     8     7
  856    11    10
  857    11    10
  858     5     4
  859    11    10
  860     6     5
  861     2     1
  862     9     8
  863    10     9
  864     5     4
  865     8     7
  866     9     8
  867     4     3
  868     3     2
  869    10     9
  870     7     6
  871    11    10
  872     7     6
  873     6     5
  874     9     8
  875     8     7
  876     4     3
  877     9     8
  878     5     4
  879     9     8
  880     9     8
  881    11    10
  882    10     9
  883     3     2
  884    10     9
  885     2     1
  886     8     7
  887     4     3
  888     8     7
  889     7     6
  890     2     1
  891    11    10
  892     2     1
  893     4     3
  894     8     7
  895     3     2
  896    11    10
  897     7     6
  898     3     2
  899     2     1
  900     6     5
  901     6     5
  902     9     8
  903    10     9
  904     3     2
  905    10     9
  906     4     3
  907     4     3
  908     7     6
  909     6     5
  910     5     4
  911     8     7
  912    10     9
  913     7     6
  914     5     4
  915     2     1
  916     7     6
  917     7     6
  918     5     4
  919    11    10
  920     3     2
  921     4     3
  922     6     5
  923    11    10
  924     5     4
  925     5     4
  926     8     7
  927     4     3
  928    10     9
  929     7     6
  930     9     8
  931    10     9
  932     7     6
  933     4     3
  934    11    10
  935    11    10
  936     3     2
  937    11    10
  938     3     2
  939     9     8
  940     8     7
  941     9     8
  942     7     6
  943     5     4
  944     5     4
  945     8     7
  946     8     7
  947    10     9
  948     3     2
  949     4     3
  950     4     3
  951     9     8
  952    11    10
  953     7     6
  954     4     3
  955     7     6
  956     2     1
  957     8     7
  958     3     2
  959     6     5
  960     5     4
  961     9     8
  962     6     5
  963     3     2
  964     9     8
  965     4     3
  966    11    10
  967     3     2
  968     5     4
  969     2     1
  970     5     4
  971     6     5
  972     2     1
  973     5     4
  974    11    10
  975     6     5
  976     6     5
  977     7     6
  978     7     6
  979    11    10
  980     8     7
  981     7     6
  982     6     5
  983     5     4
  984     2     1
  985     9     8
  986     3     2
  987     8     7
  988     8     7
  989     2     1
  990     6     5
  991     9     8
  992     6     5
  993    10     9
  994    11    10
  995    10     9
  996     3     2
  997    10     9
  998     3     2
  999    11    10
 1000     7     6
 1001     5     4
 1002     6     5
 1003    11    10
 1004     9     8
 1005     8     7
 1006     6     5
 1007     2     1
 1008     3     2
 1009     6     5
 1010     5     4
 1011     6     5
 1012     8     7
 1013     2     1
 1014     9     8
 1015     6     5
 1016     5     4
 1017     9     8
 1018     3     2
 1019     9     8
 1020    10     9
 1021    11    10
 1022     4     3
 1023     5     4
 1024     5     4
 1025     5     4
 1026     6     5
 1027     8     7
 1028     6     5
 1029    10     9
 1030     5     4
 1031    10     9
 1032     3     2
 1033     9     8
 1034     4     3
 1035     3     2
 1036     6     5
 1037     7     6
 1038     5     4
 1039    10     9
 1040     6     5
 1041     6     5
 1042    11    10
 1043     4     3
 1044     4     3
 1045     8     7
 1046     5     4
 1047    10     9
 1048    11    10
 1049     4     3
 1050    11    10
 1051    10     9
 1052    11    10
 1053     2     1
 1054     7     6
 1055    10     9
 1056     7     6
 1057     3     2
 1058     8     7
 1059     7     6
 1060     9     8
 1061     7     6
 1062     9     8
 1063     8     7
 1064     3     2
 1065     8     7
 1066     4     3
 1067     8     7
 1068     9     8
 1069     9     8
 1070     2     1
 1071     4     3
 1072     7     6
 1073     8     7
 1074     5     4
 1075     4     3
 1076     3     2
 1077     6     5
 1078     5     4
 1079     9     8
 1080     6     5
 1081     5     4
 1082     4     3
 1083     8     7
 1084     4     3
 1085    11    10
 1086     3     2
 1087    11    10
 1088    11    10
 1089     4     3
 1090     6     5
 1091     6     5
 1092    10     9
 1093     3     2
 1094     3     2
 1095     7     6
 1096     7     6
 1097     9     8
 1098     3     2
 1099     5     4
 1100     3     2
 1101     4     3
 1102     3     2
 1103     6     5
 1104     6     5
 1105     9     8
 1106     4     3
 1107     6     5
 1108     4     3
 1109     8     7
 1110     4     3
 1111     9     8
 1112     2     1
 1113    10     9
 1114     4     3
 1115     6     5
 1116     6     5
 1117     2     1
 1118     7     6
 1119     3     2
 1120    11    10
 1121     9     8
 1122     6     5
 1123     3     2
 1124     6     5
 1125     2     1
 1126     5     4
 1127     5     4
 1128     3     2
 1129     3     2
 1130     5     4
 1131     3     2
 1132     4     3
 1133    10     9
 1134     5     4
 1135     4     3
 1136     9     8
 1137     2     1
 1138     8     7
 1139     8     7
 1140     2     1
 1141     7     6
 1142     4     3
 1143     8     7
 1144     9     8
 1145    10     9
 1146     5     4
 1147     2     1
 1148     4     3
 1149    11    10
 1150    11    10
 1151     7     6
 1152     5     4
 1153    11    10
 1154     4     3
 1155     7     6
 1156     2     1
 1157     4     3
 1158     2     1
 1159     5     4
 1160     3     2
 1161     8     7
 1162     9     8
 1163    10     9
 1164     9     8
 1165    10     9
 1166     9     8
 1167    10     9
 1168     5     4
 1169     9     8
 1170    11    10
 1171     2     1
 1172     8     7
 1173    10     9
 1174     7     6
 1175    11    10
 1176     5     4
 1177     8     7
 1178    10     9
 1179     5     4
 1180     9     8
 1181    10     9
 1182     9     8
 1183     3     2
 1184     7     6
 1185     5     4
 1186     5     4
 1187     5     4
 1188     3     2
 1189    11    10
 1190     3     2
 1191     9     8
 1192     5     4
 1193     9     8
 1194     3     2
 1195     2     1
 1196     4     3
 1197    11    10
 1198     5     4
 1199     3     2
 1200     7     6
 1201     7     6
 1202     4     3
 1203     7     6
 1204     9     8
 1205    11    10
 1206     9     8
 1207     9     8
 1208     8     7
 1209     4     3
 1210     6     5
 1211     6     5
 1212     2     1
 1213     4     3
 1214     6     5
 1215     7     6
 1216     8     7
 1217     4     3
 1218    11    10
 1219     3     2
 1220     3     2
 1221     5     4
 1222     9     8
 1223     9     8
 1224     3     2
 1225     7     6
 1226    10     9
 1227     5     4
 1228     3     2
 1229     3     2
 1230     7     6
 1231     5     4
 1232     9     8
 1233     2     1
 1234     6     5
 1235     7     6
 1236     5     4
 1237     9     8
 1238    11    10
 1239    10     9
 1240     8     7
 1241     8     7
 1242     3     2
 1243     5     4
 1244     2     1
 1245     9     8
 1246     3     2
 1247     5     4
 1248     8     7
 1249     8     7
 1250    11    10
 1251     9     8
 1252     5     4
 1253     2     1
 1254     9     8
 1255     2     1
 1256     7     6
 1257     5     4
 1258     5     4
 1259     9     8
 1260     7     6
 1261     3     2
 1262     9     8
 1263     6     5
 1264     6     5
 1265     8     7
 1266    10     9
 1267     8     7
 1268     8     7
 1269     8     7
 1270    10     9
 1271     6     5
 1272     2     1
 1273     7     6
 1274    10     9
 1275    11    10
 1276     3     2
 1277    11    10
 1278     6     5
 1279     4     3
 1280     2     1
 1281     6     5
 1282     6     5
 1283     5     4
 1284    11    10
 1285     7     6
 1286     8     7
 1287     8     7
 1288     5     4
 1289     8     7
 1290    10     9
 1291     4     3
 1292     4     3
 1293     5     4
 1294     2     1
 1295     3     2
 1296     6     5
 1297    11    10
 1298    10     9
 1299     7     6
 1300    11    10
 1301     5     4
 1302     2     1
 1303     3     2
 1304     3     2
 1305     7     6
 1306     9     8
 1307     3     2
 1308    11    10
 1309    10     9
 1310     3     2
 1311     2     1
 1312    10     9
 1313    11    10
 1314     4     3
 1315     7     6
 1316     4     3
 1317     2     1
 1318     4     3
 1319     3     2
 1320    11    10
 1321     4     3
 1322    10     9
 1323     4     3
 1324     2     1
 1325    10     9
 1326    11    10
 1327     8     7
 1328     2     1
 1329     5     4
 1330     6     5
 1331    11    10
 1332     6     5
 1333    11    10
 1334     9     8
 1335     3     2
 1336     3     2
 1337     7     6
 1338     5     4
 1339     7     6
 1340    11    10
 1341     2     1
 1342     4     3
 1343     5     4
 1344     7     6
 1345     2     1
 1346     4     3
 1347     9     8
 1348     9     8
 1349     7     6
 1350     2     1
 1351     8     7
 1352     9     8
 1353    10     9
 1354     9     8
 1355     4     3
 1356     6     5
 1357     4     3
 1358     2     1
 1359     2     1
 1360     4     3
 1361     5     4
 1362     7     6
 1363     5     4
 1364     4     3
 1365    11    10
 1366     8     7
 1367     6     5
 1368    11    10
 1369     8     7
 1370     7     6
 1371    10     9
 1372     9     8
 1373     6     5
 1374    10     9
 1375    10     9
 1376     9     8
 1377     2     1
 1378     8     7
 1379     9     8
 1380     9     8
 1381    11    10
 1382     2     1
 1383     7     6
 1384     2     1
 1385     6     5
 1386     3     2
 1387    11    10
 1388    11    10
 1389     2     1
 1390     9     8
 1391     5     4
 1392     7     6
 1393     5     4
 1394     2     1
 1395     8     7
 1396     3     2
 1397     3     2
 1398     3     2
 1399     5     4
 1400     5     4
 1401     8     7
 1402     5     4
 1403     9     8
 1404     2     1
 1405     6     5
 1406     2     1
 1407     9     8
 1408     6     5
 1409     2     1
 1410     5     4
 1411     3     2
 1412     9     8
 1413     4     3
 1414     2     1
 1415    10     9
 1416     8     7
 1417     8     7
 1418     9     8
 1419     3     2
 1420     9     8
 1421    11    10
 1422     3     2
 1423     3     2
 1424    11    10
 1425     6     5
 1426     5     4
 1427     8     7
 1428     4     3
 1429     6     5
 1430     6     5
 1431    11    10
 1432     6     5
 1433     6     5
 1434     3     2
 1435     6     5
 1436     5     4
 1437     4     3
 1438    10     9
 1439     6     5
 1440     2     1
 1441     8     7
 1442     4     3
 1443     7     6
 1444     3     2
 1445     3     2
 1446     5     4
 1447     2     1
 1448     2     1
 1449     4     3
 1450    10     9
 1451    11    10
 1452     4     3
 1453     7     6
 1454    10     9
 1455     9     8
 1456     4     3
 1457    11    10
 1458    11    10
 1459     7     6
 1460     3     2
 1461     6     5
 1462     8     7
 1463     4     3
 1464     6     5
 1465     3     2
 1466     6     5
 1467     8     7
 1468     2     1
 1469    10     9
 1470     6     5
 1471     3     2
 1472     9     8
 1473     5     4
 1474     7     6
 1475     7     6
 1476     3     2
 1477     7     6
 1478     3     2
 1479    11    10
 1480     9     8
 1481     6     5
 1482     7     6
 1483    11    10
 1484     3     2
 1485    10     9
 1486    10     9
 1487    11    10
 1488     4     3
 1489     8     7
 1490     7     6
 1491     4     3
 1492    11    10
 1493     9     8
 1494    10     9
 1495     8     7
 1496     6     5
 1497     8     7
 1498     9     8
 1499    10     9
 1500     8     7
 1501     4     3
 1502     7     6
 1503     7     6
 1504     5     4
 1505     4     3
 1506    10     9
 1507     2     1
 1508     4     3
 1509     3     2
 1510     5     4
 1511    11    10
 1512     5     4
 1513     7     6
 1514     2     1
 1515    10     9
 1516     4     3
 1517     7     6
 1518     4     3
 1519     9     8
 1520     9     8
 1521     6     5
 1522    11    10
 1523     3     2
 1524     5     4
 1525    11    10
 1526     2     1
 1527     5     4
 1528    10     9
 1529     4     3
 1530     8     7
 1531     2     1
 1532     7     6
 1533    11    10
 1534     8     7
 1535     3     2
 1536     8     7
 1537     8     7
 1538     8     7
 1539    11    10
 1540     8     7
 1541     4     3
 1542     4     3
 1543     7     6
 1544    11    10
 1545     7     6
 1546     9     8
 1547     5     4
 1548     5     4
 1549     6     5
 1550     3     2
 1551     7     6
 1552     7     6
 1553     4     3
 1554    11    10
 1555     8     7
 1556     2     1
 1557     4     3
 1558     2     1
 1559     6     5
 1560     8     7
 1561    10     9
 1562     4     3
 1563     7     6
 1564     8     7
 1565    11    10
 1566     5     4
 1567     8     7
 1568    10     9
 1569     4     3
 1570     4     3
 1571     8     7
 1572     9     8
 1573     2     1
 1574     2     1
 1575     9     8
 1576     8     7
 1577    11    10
 1578     9     8
 1579     3     2
 1580    11    10
 1581     2     1
 1582     7     6
 1583     3     2
 1584    10     9
 1585     9     8
 1586    10     9
 1587     9     8
 1588     7     6
 1589    11    10
 1590     9     8
 1591     5     4
 1592     2     1
 1593     5     4
 1594     9     8
 1595     4     3
 1596     4     3
 1597    11    10
 1598     6     5
 1599     2     1
 1600     3     2
 1601     2     1
 1602     2     1
 1603     2     1
 1604     2     1
 1605     5     4
 1606     5     4
 1607     3     2
 1608    10     9
 1609    10     9
 1610     9     8
 1611     8     7
 1612    10     9
 1613     9     8
 1614     4     3
 1615    10     9
 1616     8     7
 1617     8     7
 1618     3     2
 1619     7     6
 1620     3     2
 1621    10     9
 1622     7     6
 1623    10     9
 1624     2     1
 1625    11    10
 1626     8     7
 1627     8     7
 1628     8     7
 1629     6     5
 1630     9     8
 1631    10     9
 1632     7     6
 1633    11    10
 1634     7     6
 1635    11    10
 1636    11    10
 1637     8     7
 1638     5     4
 1639     7     6
 1640     5     4
 1641     6     5
 1642     6     5
 1643     4     3
 1644     9     8
 1645     7     6
 1646     9     8
 1647     7     6
 1648     3     2
 1649     8     7
 1650     2     1
 1651     7     6
 1652     5     4
 1653     9     8
 1654     5     4
 1655     8     7
 1656     6     5
 1657     5     4
 1658     2     1
 1659     2     1
 1660     7     6
 1661     9     8
 1662     5     4
 1663     5     4
 1664    10     9
 1665     6     5
 1666     8     7
 1667     8     7
 1668    11    10
 1669     2     1
 1670    11    10
 1671     3     2
 1672     3     2
 1673     2     1
 1674     4     3
 1675    11    10
 1676     2     1
 1677     2     1
 1678     2     1
 1679    10     9
 1680     4     3
 1681     2     1
 1682     9     8
 1683     6     5
 1684     4     3
 1685     6     5
 1686     6     5
 1687     9     8
 1688     2     1
 1689     6     5
 1690     7     6
 1691    10     9
 1692     6     5
 1693    11    10
 1694     5     4
 1695     3     2
 1696    10     9
 1697     6     5
 1698     7     6
 1699     6     5
 1700     8     7
 1701     6     5
 1702     5     4
 1703     9     8
 1704     2     1
 1705     6     5
 1706     9     8
 1707    10     9
 1708     2     1
 1709     5     4
 1710     4     3
 1711     5     4
 1712     3     2
 1713    10     9
 1714     9     8
 1715     2     1
 1716     9     8
 1717     9     8
 1718     4     3
 1719     3     2
 1720     2     1
 1721     4     3
 1722     2     1
 1723     6     5
 1724     2     1
 1725     2     1
 1726     5     4
 1727    10     9
 1728     4     3
 1729     4     3
 1730    10     9
 1731    10     9
 1732    10     9
 1733     6     5
 1734    11    10
 1735     3     2
 1736     3     2
 1737     7     6
 1738     2     1
 1739     3     2
 1740    11    10
 1741    11    10
 1742     4     3
 1743     4     3
 1744     7     6
 1745     9     8
 1746     5     4
 1747     6     5
 1748     9     8
 1749     3     2
 1750     9     8
 1751    10     9
 1752     6     5
 1753    10     9
 1754     7     6
 1755    11    10
 1756     7     6
 1757     7     6
 1758     5     4
 1759     3     2
 1760     4     3
 1761     8     7
 1762     4     3
 1763     8     7
 1764     4     3
 1765     9     8
 1766     9     8
 1767     4     3
 1768     5     4
 1769     7     6
 1770    11    10
 1771     3     2
 1772     4     3
 1773    10     9
 1774     6     5
 1775     7     6
 1776     4     3
 1777    10     9
 1778     6     5
 1779     5     4
 1780     7     6
 1781    10     9
 1782     7     6
 1783     7     6
 1784     8     7
 1785     2     1
 1786     8     7
 1787     6     5
 1788     2     1
 1789     4     3
 1790     4     3
 1791     4     3
 1792     5     4
 1793     5     4
 1794    10     9
 1795     3     2
 1796     2     1
 1797     5     4
 1798     7     6
 1799    11    10
 1800     6     5
 1801     6     5
 1802     5     4
 1803     4     3
 1804     6     5
 1805     8     7
 1806     8     7
 1807    11    10
 1808     5     4
 1809     9     8
 1810    10     9
 1811     3     2
 1812     3     2
 1813     6     5
 1814     9     8
 1815     3     2
 1816     7     6
 1817    11    10
 1818     9     8
 1819     4     3
 1820     9     8
 1821    11    10
 1822     9     8
 1823     5     4
 1824     9     8
 1825     8     7
 1826     6     5
 1827     2     1
 1828     4     3
 1829    10     9
 1830     9     8
 1831     5     4
 1832     7     6
 1833     9     8
 1834     7     6
 1835     9     8
 1836     8     7
 1837     5     4
 1838     2     1
 1839     2     1
 1840     8     7
 1841    11    10
 1842     9     8
 1843     9     8
 1844     8     7
 1845     7     6
 1846     3     2
 1847     7     6
 1848     5     4
 1849     9     8
 1850     2     1
 1851     4     3
 1852     3     2
 1853     7     6
 1854    10     9
 1855     6     5
 1856     7     6
 1857     8     7
 1858     7     6
 1859     3     2
 1860     5     4
 1861     6     5
 1862    10     9
 1863     9     8
 1864     3     2
 1865     4     3
 1866     3     2
 1867     9     8
 1868     9     8
 1869    11    10
 1870    11    10
 1871     6     5
 1872    10     9
 1873    10     9
 1874    10     9
 1875     2     1
 1876     8     7
 1877    11    10
 1878     7     6
 1879     7     6
 1880     7     6
 1881     8     7
 1882     5     4
 1883    10     9
 1884     6     5
 1885     2     1
 1886     3     2
 1887     7     6
 1888     9     8
 1889     4     3
 1890     8     7
 1891     9     8
 1892     6     5
 1893     5     4
 1894     4     3
 1895    10     9
 1896     2     1
 1897     9     8
 1898     2     1
 1899     8     7
 1900     8     7
 1901     9     8
 1902    11    10
 1903    10     9
 1904     4     3
 1905     4     3
 1906     6     5
 1907     2     1
 1908     2     1
 1909     8     7
 1910    11    10
 1911     8     7
 1912     5     4
 1913     7     6
 1914    11    10
 1915     5     4
 1916     5     4
 1917     9     8
 1918     2     1
 1919    11    10
 1920     6     5
 1921     3     2
 1922     9     8
 1923     9     8
 1924     6     5
 1925     3     2
 1926     9     8
 1927     9     8
 1928    11    10
 1929    11    10
 1930    10     9
 1931    11    10
 1932     4     3
 1933     3     2
 1934     8     7
 1935     4     3
 1936     8     7
 1937     4     3
 1938     3     2
 1939     4     3
 1940    10     9
 1941    11    10
 1942     3     2
 1943    11    10
 1944     2     1
 1945     4     3
 1946     9     8
 1947    10     9
 1948     6     5
 1949    11    10
 1950     2     1
 1951     2     1
 1952     9     8
 1953     4     3
 1954    10     9
 1955     3     2
 1956    10     9
 1957     5     4
 1958     4     3
 1959     3     2
 1960     2     1
 1961     5     4
 1962     4     3
 1963    11    10
 1964     2     1
 1965     3     2
 1966     4     3
 1967     6     5
 1968     8     7
 1969     9     8
 1970     7     6
 1971     3     2
 1972     9     8
 1973    10     9
 1974     7     6
 1975     8     7
 1976     8     7
 1977     6     5
 1978     7     6
 1979     9     8
 1980     6     5
 1981     3     2
 1982    10     9
 1983    10     9
 1984     6     5
 1985     9     8
 1986     6     5
 1987     6     5
 1988     6     5
 1989     5     4
 1990     3     2
 1991     5     4
 1992    11    10
 1993     3     2
 1994     9     8
 1995     3     2
 1996    11    10
 1997     3     2
 1998    11    10
 1999     9     8
 2000     8     7
 2001     9     8
 2002     2     1
 2003     5     4
 2004     5     4
 2005     9     8
 2006     8     7
 2007     9     8
 2008     4     3
 2009     5     4
 2010     5     4
 2011    10     9
 2012     5     4
 2013     8     7
 2014     8     7
 2015     4     3
 2016     3     2
 2017     2     1
 2018     4     3
 2019     9     8
 2020     3     2
 2021     3     2
 2022     8     7
 2023     7     6
 2024    11    10
 2025     3     2
 2026     9     8
 2027    11    10
 2028     9     8
 2029     5     4
 2030    11    10
 2031    11    10
 2032     5     4
 2033     9     8
 2034     2     1
 2035     3     2
 2036     8     7
 2037     4     3
 2038     6     5
 2039     3     2
 2040    11    10
 2041     5     4
 2042     7     6
 2043    10     9
 2044     4     3
 2045     4     3
 2046    10     9
 2047     7     6
 2048     6     5
 2049     3     2
 2050     8     7
 2051     6     5
 2052     9     8
 2053     4     3
 2054     9     8
 2055     3     2
 2056    10     9
 2057     9     8
 2058     8     7
 2059     6     5
 2060    11    10
 2061     2     1
 2062     3     2
 2063     2     1
 2064     8     7
 2065     4     3
 2066     3     2
 2067    10     9
 2068    11    10
 2069     7     6
 2070     9     8
 2071     3     2
 2072     3     2
 2073     7     6
 2074     9     8
 2075     9     8
 2076     6     5
 2077     8     7
 2078     4     3
 2079     9     8
 2080    11    10
 2081     7     6
 2082     2     1
 2083     6     5
 2084     5     4
 2085     2     1
 2086    10     9
 2087     4     3
 2088     9     8
 2089     4     3
 2090     5     4
 2091     7     6
 2092     5     4
 2093    10     9
 2094     3     2
 2095     7     6
 2096     8     7
 2097    11    10
 2098     6     5
 2099     2     1
 2100     5     4
 2101     7     6
 2102     8     7
 2103     6     5
 2104    10     9
 2105     5     4
 2106     3     2
 2107     5     4
 2108     2     1
 2109     6     5
 2110     7     6
 2111     7     6
 2112    11    10
 2113     2     1
 2114     5     4
 2115     6     5
 2116     9     8
 2117     8     7
 2118     5     4
 2119    10     9
 2120     6     5
 2121     5     4
 2122    11    10
 2123     2     1
 2124     6     5
 2125    11    10
 2126     5     4
 2127     6     5
 2128     2     1
 2129     3     2
 2130     4     3
 2131    10     9
 2132     3     2
 2133     8     7
 2134    11    10
 2135     5     4
 2136     2     1
 2137    10     9
 2138    10     9
 2139    10     9
 2140     7     6
 2141     6     5
 2142     4     3
 2143    10     9
 2144     3     2
 2145     7     6
 2146     6     5
 2147    11    10
 2148     6     5
 2149     8     7
 2150     7     6
 2151     6     5
 2152     9     8
 2153     8     7
 2154     6     5
 2155    10     9
 2156    10     9
 2157    11    10
 2158    10     9
 2159     3     2
 2160     4     3
 2161    11    10
 2162    11    10
 2163     9     8
 2164    10     9
 2165     6     5
 2166    10     9
 2167     7     6
 2168     3     2
 2169     2     1
 2170     5     4
 2171    10     9
 2172     2     1
 2173     2     1
 2174    11    10
 2175     5     4
 2176    11    10
 2177     5     4
 2178     2     1
 2179     7     6
 2180     2     1
 2181     5     4
 2182     4     3
 2183     8     7
 2184     8     7
 2185    11    10
 2186     3     2
 2187     2     1
 2188     8     7
 2189     6     5
 2190     4     3
 2191    11    10
 2192    11    10
 2193     2     1
 2194     7     6
 2195     2     1
 2196     9     8
 2197    11    10
 2198    10     9
 2199     5     4
 2200     7     6
 2201     4     3
 2202     2     1
 2203    11    10
 2204    10     9
 2205     5     4
 2206     5     4
 2207    10     9
 2208     8     7
 2209     3     2
 2210     5     4
 2211    11    10
 2212     8     7
 2213    10     9
 2214    10     9
 2215     8     7
 2216     7     6
 2217    11    10
 2218     8     7
 2219    10     9
 2220     8     7
 2221     9     8
 2222     5     4
 2223     4     3
 2224     6     5
 2225     2     1
 2226     4     3
 2227     4     3
 2228    11    10
 2229     5     4
 2230    10     9
 2231     3     2
 2232    10     9
 2233    11    10
 2234     5     4
 2235     7     6
 2236     9     8
 2237     5     4
 2238     2     1
 2239     7     6
 2240     3     2
 2241     4     3
 2242     5     4
 2243     8     7
 2244     6     5
 2245     9     8
 2246    11    10
 2247     2     1
 2248    10     9
 2249     8     7
 2250    10     9
 2251     3     2
 2252     9     8
 2253    10     9
 2254     7     6
 2255     2     1
 2256     3     2
 2257     2     1
 2258     6     5
 2259     3     2
 2260    10     9
 2261     6     5
 2262     6     5
 2263    11    10
 2264    10     9
 2265     5     4
 2266     8     7
 2267     8     7
 2268     9     8
 2269    11    10
 2270    10     9
 2271     2     1
 2272     4     3
 2273     5     4
 2274     5     4
 2275     4     3
 2276     5     4
 2277     7     6
 2278     8     7
 2279     2     1
 2280    10     9
 2281     3     2
 2282     8     7
 2283    10     9
 2284     9     8
 2285    11    10
 2286     6     5
 2287     2     1
 2288     7     6
 2289    11    10
 2290    11    10
 2291     3     2
 2292     2     1
 2293     3     2
 2294     6     5
 2295     6     5
 2296     9     8
 2297    11    10
 2298     5     4
 2299     6     5
 2300     3     2
 2301     8     7
 2302    10     9
 2303    10     9
 2304    10     9
 2305     6     5
 2306     6     5
 2307     2     1
 2308     8     7
 2309     3     2
 2310     6     5
 2311     5     4
 2312     5     4
 2313     7     6
 2314     2     1
 2315     3     2
 2316     9     8
 2317    10     9
 2318    10     9
 2319     2     1
 2320     2     1
 2321     9     8
 2322     2     1
 2323    11    10
 2324     4     3
 2325    10     9
 2326     3     2
 2327     8     7
 2328     6     5
 2329     4     3
 2330     4     3
 2331     7     6
 2332     7     6
 2333     9     8
 2334     6     5
 2335    11    10
 2336     7     6
 2337     6     5
 2338     3     2
 2339     9     8
 2340     4     3
 2341     3     2
 2342    11    10
 2343    10     9
 2344     8     7
 2345     6     5
 2346     7     6
 2347     3     2
 2348     2     1
 2349    11    10
 2350     6     5
 2351     2     1
 2352     9     8
 2353     4     3
 2354    10     9
 2355     6     5
 2356     6     5
 2357     7     6
 2358     4     3
 2359    10     9
 2360     4     3
 2361     3     2
 2362    10     9
 2363     5     4
 2364     7     6
 2365     7     6
 2366    11    10
 2367     5     4
 2368    10     9
 2369     6     5
 2370     6     5
 2371     9     8
 2372     8     7
 2373     5     4
 2374     2     1
 2375     5     4
 2376    11    10
 2377     7     6
 2378    11    10
 2379     7     6
 2380    11    10
 2381     4     3
 2382     6     5
 2383     4     3
 2384     6     5
 2385     7     6
 2386    11    10
 2387    11    10
 2388     9     8
 2389     9     8
 2390     7     6
 2391     8     7
 2392     9     8
 2393     3     2
 2394     7     6
 2395     4     3
 2396     6     5
 2397     8     7
 2398     9     8
 2399     5     4
 2400     3     2
 2401    10     9
 2402     5     4
 2403     7     6
 2404     9     8
 2405     8     7
 2406    11    10
 2407    10     9
 2408     8     7
 2409     7     6
 2410    10     9
 2411     9     8
 2412     7     6
 2413     2     1
 2414     2     1
 2415     9     8
 2416     2     1
 2417     8     7
 2418    11    10
 2419     5     4
 2420     5     4
 2421    11    10
 2422     4     3
 2423     6     5
 2424     4     3
 2425     4     3
 2426     8     7
 2427     6     5
 2428     6     5
 2429     3     2
 2430     2     1
 2431    11    10
 2432    11    10
 2433     9     8
 2434     5     4
 2435     2     1
 2436     8     7
 2437     5     4
 2438     2     1
 2439    11    10
 2440     2     1
 2441    11    10
 2442     7     6
 2443     2     1
 2444     9     8
 2445     7     6
 2446     8     7
 2447     3     2
 2448     7     6
 2449     2     1
 2450     2     1
 2451     4     3
 2452     3     2
 2453     9     8
 2454     4     3
 2455    11    10
 2456    11    10
 2457     9     8
 2458     8     7
 2459     3     2
 2460     6     5
 2461     6     5
 2462     5     4
 2463     9     8
 2464     8     7
 2465     7     6
 2466    11    10
 2467     6     5
 2468    10     9
 2469    10     9
 2470     6     5
 2471     6     5
 2472    11    10
 2473     8     7
 2474    11    10
 2475     9     8
 2476     2     1
 2477     9     8
 2478     3     2
 2479     4     3
 2480    11    10
 2481     4     3
 2482     8     7
 2483     4     3
 2484    11    10
 2485     8     7
 2486     3     2
 2487     5     4
 2488    11    10
 2489     4     3
 2490     9     8
 2491    10     9
 2492     9     8
 2493    11    10
 2494    11    10
 2495     7     6
 2496     6     5
 2497     9     8
 2498     3     2
 2499     8     7
 2500     2     1
 2501     6     5
 2502     8     7
 2503     8     7
 2504    10     9
 2505     7     6
 2506    11    10
 2507     6     5
 2508    10     9
 2509    10     9
 2510     4     3
 2511     5     4
 2512    10     9
 2513    10     9
 2514     5     4
 2515     4     3
 2516     6     5
 2517     8     7
 2518     5     4
 2519     8     7
 2520     8     7
 2521     7     6
 2522     8     7
 2523     3     2
 2524    10     9
 2525    10     9
 2526     2     1
 2527    10     9
 2528    11    10
 2529     9     8
 2530     7     6
 2531     3     2
 2532     3     2
 2533    11    10
 2534     6     5
 2535     9     8
 2536     8     7
 2537     5     4
 2538     7     6
 2539    10     9
 2540     2     1
 2541    10     9
 2542     9     8
 2543     2     1
 2544     4     3
 2545     3     2
 2546     6     5
 2547     9     8
 2548     3     2
 2549     7     6
 2550     7     6
 2551    10     9
 2552    11    10
 2553     3     2
 2554     7     6
 2555     6     5
 2556     7     6
 2557    10     9
 2558    10     9
 2559    11    10
 2560     3     2
 2561     7     6
 2562     4     3
 2563    11    10
 2564     6     5
 2565    10     9
 2566     6     5
 2567     4     3
 2568     5     4
 2569     2     1
 2570     7     6
 2571     4     3
 2572    10     9
 2573     2     1
 2574    11    10
 2575     9     8
 2576     3     2
 2577    10     9
 2578     3     2
 2579    10     9
 2580    11    10
 2581     6     5
 2582    10     9
 2583    11    10
 2584    10     9
 2585     9     8
 2586     5     4
 2587     4     3
 2588     4     3
 2589    11    10
 2590     6     5
 2591     7     6
 2592     8     7
 2593     2     1
 2594    11    10
 2595     3     2
 2596     9     8
 2597    11    10
 2598     3     2
 2599     7     6
 2600     5     4
 2601     7     6
 2602     8     7
 2603    11    10
 2604     3     2
 2605    10     9
 2606     8     7
 2607     5     4
 2608     7     6
 2609    10     9
 2610     5     4
 2611     4     3
 2612     3     2
 2613    11    10
 2614     8     7
 2615     8     7
 2616    11    10
 2617     9     8
 2618    11    10
 2619     4     3
 2620     8     7
 2621     9     8
 2622     8     7
 2623     4     3
 2624    10     9
 2625     6     5
 2626     8     7
 2627     4     3
 2628     7     6
 2629     9     8
 2630     9     8
 2631     4     3
 2632     8     7
 2633     9     8
 2634     9     8
 2635     3     2
 2636     4     3
 2637     8     7
 2638     2     1
 2639    10     9
 2640     2     1
 2641    10     9
 2642    11    10
 2643     9     8
 2644    10     9
 2645     3     2
 2646     3     2
 2647     4     3
 2648     8     7
 2649     6     5
 2650     5     4
 2651     7     6
 2652     8     7
 2653    10     9
 2654    11    10
 2655     3     2
 2656     7     6
 2657     4     3
 2658     4     3
 2659     3     2
 2660     6     5
 2661     3     2
 2662     8     7
 2663     8     7
 2664     2     1
 2665     8     7
 2666     9     8
 2667     5     4
 2668     6     5
 2669     4     3
 2670     2     1
 2671    10     9
 2672    10     9
 2673     7     6
 2674     3     2
 2675     4     3
 2676     3     2
 2677     7     6
 2678     8     7
 2679    11    10
 2680     9     8
 2681     9     8
 2682     5     4
 2683     5     4
 2684     7     6
 2685     6     5
 2686     7     6
 2687    11    10
 2688    10     9
 2689    10     9
 2690     2     1
 2691     8     7
 2692     7     6
 2693     3     2
 2694     9     8
 2695     3     2
 2696    11    10
 2697     9     8
 2698     6     5
 2699     8     7
 2700     3     2
 2701     4     3
 2702     6     5
 2703    10     9
 2704    10     9
 2705    10     9
 2706     4     3
 2707    10     9
 2708     7     6
 2709     4     3
 2710     3     2
 2711     3     2
 2712     8     7
 2713     5     4
 2714     2     1
 2715     2     1
 2716     8     7
 2717     6     5
 2718    10     9
 2719    10     9
 2720     9     8
 2721     2     1
 2722     8     7
 2723     9     8
 2724     6     5
 2725     7     6
 2726     7     6
 2727     3     2
 2728     5     4
 2729     6     5
 2730     2     1
 2731     6     5
 2732    10     9
 2733     9     8
 2734     9     8
 2735     8     7
 2736     2     1
 2737     3     2
 2738    10     9
 2739     3     2
 2740     7     6
 2741     3     2
 2742    10     9
 2743     2     1
 2744     9     8
 2745    11    10
 2746     5     4
 2747    10     9
 2748     5     4
 2749     5     4
 2750     7     6
 2751    10     9
 2752     9     8
 2753    11    10
 2754     2     1
 2755     4     3
 2756     6     5
 2757     6     5
 2758     4     3
 2759     8     7
 2760    10     9
 2761     3     2
 2762    10     9
 2763    10     9
 2764     8     7
 2765     3     2
 2766     8     7
 2767     2     1
 2768     9     8
 2769     5     4
 2770     7     6
 2771     8     7
 2772     6     5
 2773     4     3
 2774     8     7
 2775    10     9
 2776     2     1
 2777     4     3
 2778    10     9
 2779    10     9
 2780     8     7
 2781     9     8
 2782     3     2
 2783     6     5
 2784     6     5
 2785     5     4
 2786     7     6
 2787     2     1
 2788     6     5
 2789     4     3
 2790     2     1
 2791     4     3
 2792     2     1
 2793    10     9
 2794     8     7
 2795     9     8
 2796     8     7
 2797     2     1
 2798     8     7
 2799     9     8
 2800     9     8
 2801     3     2
 2802     3     2
 2803     4     3
 2804    11    10
 2805     2     1
 2806     8     7
 2807    10     9
 2808    10     9
 2809     6     5
 2810     6     5
 2811    10     9
 2812     2     1
 2813    11    10
 2814    10     9
 2815     2     1
 2816     8     7
 2817    11    10
 2818     6     5
 2819     5     4
 2820     3     2
 2821     9     8
 2822     9     8
 2823     4     3
 2824     4     3
 2825     9     8
 2826     3     2
 2827     2     1
 2828     5     4
 2829     2     1
 2830     4     3
 2831     5     4
 2832    11    10
 2833     9     8
 2834     6     5
 2835    11    10
 2836     6     5
 2837     7     6
 2838    10     9
 2839     8     7
 2840     3     2
 2841     8     7
 2842     5     4
 2843     5     4
 2844     8     7
 2845     2     1
 2846     8     7
 2847     2     1
 2848     6     5
 2849     7     6
 2850    11    10
 2851     7     6
 2852     2     1
 2853     9     8
 2854    10     9
 2855     9     8
 2856     5     4
 2857     5     4
 2858     8     7
 2859    11    10
 2860    10     9
 2861     3     2
 2862     5     4
 2863     6     5
 2864     9     8
 2865     8     7
 2866     2     1
 2867     6     5
 2868     2     1
 2869     7     6
 2870     6     5
 2871     2     1
 2872     4     3
 2873    11    10
 2874     2     1
 2875     7     6
 2876     9     8
 2877     6     5
 2878    10     9
 2879     4     3
 2880     2     1
 2881     2     1
 2882     7     6
 2883     7     6
 2884     8     7
 2885     6     5
 2886     8     7
 2887     5     4
 2888     9     8
 2889     8     7
 2890     5     4
 2891     2     1
 2892     4     3
 2893    10     9
 2894     5     4
 2895     3     2
 2896     8     7
 2897     4     3
 2898    10     9
 2899    10     9
 2900     7     6
 2901     2     1
 2902     5     4
 2903     9     8
 2904     5     4
 2905     4     3
 2906     8     7
 2907     5     4
 2908     9     8
 2909    10     9
 2910    10     9
 2911     6     5
 2912    10     9
 2913     9     8
 2914     8     7
 2915     4     3
 2916     6     5
 2917     6     5
 2918     5     4
 2919     4     3
 2920     3     2
 2921     9     8
 2922     5     4
 2923     8     7
 2924     8     7
 2925     9     8
 2926     8     7
 2927     3     2
 2928     9     8
 2929     3     2
 2930     9     8
 2931    11    10
 2932     8     7
 2933    11    10
 2934     5     4
 2935     3     2
 2936    10     9
 2937     8     7
 2938     5     4
 2939     8     7
 2940     5     4
 2941     3     2
 2942     3     2
 2943    11    10
 2944     8     7
 2945     2     1
 2946     3     2
 2947     9     8
 2948     7     6
 2949    11    10
 2950     9     8
 2951     6     5
 2952     7     6
 2953     5     4
 2954     6     5
 2955     4     3
 2956     3     2
 2957     6     5
 2958     2     1
 2959     5     4
 2960     6     5
 2961     8     7
 2962    10     9
 2963     8     7
 2964    11    10
 2965    10     9
 2966     5     4
 2967     6     5
 2968     2     1
 2969     7     6
 2970     7     6
 2971     8     7
 2972     8     7
 2973     9     8
 2974     7     6
 2975     7     6
 2976     5     4
 2977    10     9
 2978     3     2
 2979     3     2
 2980     6     5
 2981    10     9
 2982    11    10
 2983     5     4
 2984     8     7
 2985     5     4
 2986     9     8
 2987     7     6
 2988     4     3
 2989    11    10
 2990     5     4
 2991     8     7
 2992     6     5
 2993    10     9
 2994     5     4
 2995     6     5
 2996     5     4
 2997     2     1
 2998     7     6
 2999     9     8
 3000    11    10
 3001     2     1
 3002     5     4
 3003     6     5
 3004     5     4
 3005    10     9
 3006     6     5
 3007    10     9
 3008    10     9
 3009     2     1
 3010     4     3
 3011     4     3
 3012    10     9
 3013     7     6
 3014     6     5
 3015    10     9
 3016     2     1
 3017     4     3
 3018     9     8
 3019     4     3
 3020     2     1
 3021     6     5
 3022    11    10
 3023    11    10
 3024     8     7
 3025     5     4
 3026     8     7
 3027    11    10
 3028    11    10
 3029     6     5
 3030     7     6
 3031    11    10
 3032    10     9
 3033     6     5
 3034    10     9
 3035    11    10
 3036     6     5
 3037    10     9
 3038    11    10
 3039     7     6
 3040    11    10
 3041     5     4
 3042     4     3
 3043     5     4
 3044     6     5
 3045    10     9
 3046     2     1
 3047     8     7
 3048     2     1
 3049     6     5
 3050    10     9
 3051     5     4
 3052    10     9
 3053     3     2
 3054     4     3
 3055     7     6
 3056     4     3
 3057     7     6
 3058     4     3
 3059    10     9
 3060     4     3
 3061    11    10
 3062     2     1
 3063    11    10
 3064     8     7
 3065     4     3
 3066     6     5
 3067     2     1
 3068     5     4
 3069     5     4
 3070    10     9
 3071     7     6
 3072     2     1
 3073     6     5
 3074     4     3
 3075     5     4
 3076    10     9
 3077     8     7
 3078     9     8
 3079     8     7
 3080     2     1
 3081     6     5
 3082     6     5
 3083     9     8
 3084     5     4
 3085     2     1
 3086     9     8
 3087    11    10
 3088     4     3
 3089     2     1
 3090    11    10
 3091     6     5
 3092     6     5
 3093     6     5
 3094     5     4
 3095     5     4
 3096     3     2
 3097     7     6
 3098     8     7
 3099     5     4
 3100     9     8
 3101     2     1
 3102    10     9
 3103    10     9
 3104     9     8
 3105    10     9
 3106     3     2
 3107     4     3
 3108    11    10
 3109    10     9
 3110     7     6
 3111     8     7
 3112     8     7
 3113     5     4
 3114    10     9
 3115     7     6
 3116     9     8
 3117     2     1
 3118    10     9
 3119     5     4
 3120     9     8
 3121     7     6
 3122    10     9
 3123     9     8
 3124     5     4
 3125    11    10
 3126    10     9
 3127     2     1
 3128     3     2
 3129    11    10
 3130     5     4
 3131     9     8
 3132     9     8
 3133     5     4
 3134     2     1
 3135     9     8
 3136     6     5
 3137     6     5
 3138     9     8
 3139     6     5
 3140     3     2
 3141     4     3
 3142    11    10
 3143     6     5
 3144     4     3
 3145    10     9
 3146     7     6
 3147     3     2
 3148     5     4
 3149    11    10
 3150     3     2
 3151     5     4
 3152     2     1
 3153    11    10
 3154     2     1
 3155    10     9
 3156    10     9
 3157    11    10
 3158     3     2
 3159     3     2
 3160     2     1
 3161    11    10
 3162     7     6
 3163     9     8
 3164     6     5
 3165     2     1
 3166    11    10
 3167     5     4
 3168     2     1
 3169     4     3
 3170    11    10
 3171     2     1
 3172     5     4
 3173     5     4
 3174     2     1
 3175     2     1
 3176    10     9
 3177     2     1
 3178     5     4
 3179     6     5
 3180     9     8
 3181     5     4
 3182    11    10
 3183     9     8
 3184     7     6
 3185     4     3
 3186     7     6
 3187    10     9
 3188     2     1
 3189     2     1
 3190     5     4
 3191     6     5
 3192     8     7
 3193     6     5
 3194     4     3
 3195     7     6
 3196    11    10
 3197     9     8
 3198    10     9
 3199     3     2
 3200     8     7
 3201     9     8
 3202    11    10
 3203    10     9
 3204     3     2
 3205     7     6
 3206    10     9
 3207    11    10
 3208     6     5
 3209     8     7
 3210     9     8
 3211     7     6
 3212     2     1
 3213    11    10
 3214     2     1
 3215     9     8
 3216     4     3
 3217     6     5
 3218     8     7
 3219     6     5
 3220     7     6
 3221    10     9
 3222     2     1
 3223     2     1
 3224     3     2
 3225     5     4
 3226     9     8
 3227     6     5
 3228    11    10
 3229     7     6
 3230     2     1
 3231     5     4
 3232     6     5
 3233    10     9
 3234     6     5
 3235     6     5
 3236     4     3
 3237     2     1
 3238     9     8
 3239     6     5
 3240    10     9
 3241     4     3
 3242     5     4
 3243     4     3
 3244     4     3
 3245     9     8
 3246     4     3
 3247     8     7
 3248    11    10
 3249     5     4
 3250     3     2
 3251    11    10
 3252    11    10
 3253     3     2
 3254     2     1
 3255    10     9
 3256     7     6
 3257     3     2
 3258     5     4
 3259     7     6
 3260     7     6
 3261     4     3
 3262     5     4
 3263     9     8
 3264     5     4
 3265     3     2
 3266     7     6
 3267     2     1
 3268     6     5
 3269     5     4
 3270     2     1
 3271    10     9
 3272     8     7
 3273     7     6
 3274     4     3
 3275     2     1
 3276    10     9
 3277     4     3
 3278     2     1
 3279     2     1
 3280     7     6
 3281     8     7
 3282     5     4
 3283     3     2
 3284    11    10
 3285     8     7
 3286     2     1
 3287     7     6
 3288     2     1
 3289     2     1
 3290     2     1
 3291     4     3
 3292     9     8
 3293     3     2
 3294    11    10
 3295     7     6
 3296     4     3
 3297     7     6
 3298     6     5
 3299     9     8
 3300     9     8
 3301     2     1
 3302     3     2
 3303     9     8
 3304     2     1
 3305     6     5
 3306    11    10
 3307     4     3
 3308     5     4
 3309     2     1
 3310     5     4
 3311     9     8
 3312     2     1
 3313     4     3
 3314     2     1
 3315     6     5
 3316     8     7
 3317     9     8
 3318     9     8
 3319     3     2
 3320     4     3
 3321     7     6
 3322     5     4
 3323     8     7
 3324     9     8
 3325     7     6
 3326     6     5
 3327     4     3
 3328     7     6
 3329     4     3
 3330     4     3
 3331    10     9
 3332     2     1
 3333     9     8
 3334    10     9
 3335     9     8
 3336     6     5
 3337     3     2
 3338     8     7
 3339     4     3
 3340     2     1
 3341     5     4
 3342    10     9
 3343     4     3
 3344     5     4
 3345     9     8
 3346     5     4
 3347     9     8
 3348     5     4
 3349    10     9
 3350    11    10
 3351     4     3
 3352    10     9
18559
