3352
    1     9     1
    2     9     2
    3     5     3
    4    10     6
    5     9     7
    6     4     2
    7    10     2
    8     3     8
    9    10     1
   10     8     3
   11     1     5
   12    10     5
   13     5     8
   14     8     6
   15     5     9
   16     9     6
   17     6     1
   18     3     5
   19     3     3
   20     9     9
   21     4     3
   22     2     5
   23     8     8
   24     5     9
   25     5     8
   26     1     4
   27     7     5
   28     4     5
   29     3     3
   30     3     5
   31     1     3
   32     1    10
   33     3     4
   34     4     6
   35     3     4
   36     8     7
   37     8     5
   38     9     7
   39     8     7
   40     3     8
   41     4     2
   42     6     9
   43     5     4
   44     9     4
   45     2    10
   46     1     2
   47     2     3
   48     7     1
   49     2     7
   50     7     3
   51     7     8
   52     5     6
   53     7     4
   54     5     2
   55     1     3
   56     7     7
   57     2     8
   58     4     7
   59     8     2
   60     5     3
   61     5     8
   62     9     7
   63     8     1
   64     1     4
   65     7     9
   66     4     3
   67     6     5
   68     2     3
   69    10     4
   70     7     2
   71     2     4
   72     4     9
   73     2     8
   74     2     5
   75     4     9
   76     8     2
   77     4     8
   78     8     5
   79     1     9
   80     2     5
   81     7     5
   82     8     1
   83     5     7
   84     7     2
   85     1    10
   86    10     5
   87     5     9
   88     3     8
   89     2     7
   90     2     1
   91     8     5
   92     6     1
   93     3     1
   94     1     5
   95     4     6
   96     9     8
   97     5    10
   98    10     2
   99    10    10
  100    10     1
  101     1     9
  102     1     3
  103     4     4
  104     2     4
  105     1     1
  106     7    10
  107     4     7
  108     9     1
  109     8     1
  110     6     3
  111     8    10
  112     6     1
  113     5     7
  114     1     8
  115     3     3
  116     9     9
  117     3     2
  118     4     4
  119     7     7
  120     2    10
  121     2     6
  122     7     4
  123     4     5
  124     8     6
  125     9     3
  126     5     8
  127    10     7
  128     4     1
  129     5     8
  130     4     6
  131     9     6
  132     6     4
  133     9    10
  134     9    10
  135     9     4
  136     7     6
  137     7     6
  138     7     4
  139     9     5
  140     4     2
  141    10     9
  142     5     9
  143     7     5
  144     3    10
  145    10     8
  146     8     1
  147     4     9
  148     4     8
  149     6     8
  150     7     7
  151     5     7
  152     2     6
  153    10     9
  154     2     9
  155     9     7
  156     7     1
  157    10     1
  158     4    10
  159     1     2
  160     5    10
  161     1     2
  162     8     9
  163     3     2
  164     5     4
  165     8     8
  166     9     7
  167     3    10
  168     7    10
  169     8    10
  170     5     8
  171     5     5
  172     8     8
  173     5     7
  174     7     4
  175    10     1
  176     3     2
  177     3     4
  178     9     5
  179     6     1
  180     2     4
  181     9     7
  182     2     2
  183     1     2
  184     5     5
  185     4     5
  186    10    10
  187     4     8
  188     6     7
  189     6     9
  190     4    10
  191     9     8
  192     1     6
  193    10     5
  194     8    10
  195     1     9
  196     1     4
  197    10     6
  198     7     9
  199     6     1
  200     2     7
  201     6     6
  202     4     1
  203     2     8
  204     7     4
  205     4     8
  206     6     1
  207     6     9
  208    10     2
  209     8     1
  210     4     8
  211     9     4
  212     3     5
  213     6     4
  214     4     8
  215     8     5
  216     4     4
  217     3     3
  218     4     8
  219     5     9
  220     2     2
  221     9     6
  222     3     7
  223     1    10
  224     8     8
  225     2     6
  226     4     2
  227    10    10
  228     2     5
  229     6     8
  230     1     7
  231     5     8
  232     9     1
  233     9     1
  234     3     9
  235     3     5
  236     5     9
  237     4     8
  238     2     2
  239     3     7
  240     1     5
  241     9     5
  242     5     7
  243     5     7
  244     9    10
  245    10     4
  246     3     7
  247    10     4
  248     1    10
  249     4     8
  250     8     3
  251     7     4
  252    10     1
  253     7     5
  254     6    10
  255     2     4
  256     3     6
  257     1     7
  258     4     4
  259     8     5
  260     3     2
  261     4     1
  262     9     3
  263     6     6
  264     6     1
  265     2     7
  266     4     1
  267     2     2
  268     9     1
  269     3     7
  270     2     6
  271     6     2
  272     8     6
  273     6     8
  274     3     3
  275     9     6
  276     2     4
  277     9     6
  278    10     5
  279     5     6
  280     6     9
  281     3     1
  282     3     9
  283     6     7
  284     8     5
  285     5     3
  286     9     8
  287     5     7
  288     6     9
  289     6     2
  290     5     4
  291     8     1
  292     4     6
  293    10     6
  294     6     8
  295     3     8
  296     5     4
  297     1     7
  298     9    10
  299     7     2
  300     1     9
  301     8     1
  302     8    10
  303     7     7
  304     5     5
  305     7     9
  306     8     1
  307     9    10
  308     1     2
  309     6     6
  310     6     5
  311     7     2
  312     9     2
  313     6    10
  314     4     1
  315     9     1
  316     6     4
  317     1     7
  318     6     7
  319    10     1
  320     2     4
  321     7     6
  322     3     1
  323     2     3
  324     1     9
  325     7     1
  326    10     7
  327    10    10
  328     3     4
  329     2     8
  330     8     9
  331     1     4
  332     3    10
  333     6     4
  334    10    10
  335     1     6
  336     3     5
  337     9     2
  338    10     4
  339     1     6
  340     6     7
  341     9     9
  342     6     9
  343     2     3
  344     5     8
  345     7     2
  346     2     4
  347     8     6
  348     4     1
  349     1     7
  350     3     6
  351     4    10
  352     1     9
  353    10     1
  354     4     4
  355     8     7
  356    10     5
  357     7     9
  358     9     7
  359     9     3
  360    10     4
  361    10     6
  362     5     7
  363     8    10
  364     7     6
  365     2     8
  366     8     2
  367     5     8
  368     4     5
  369     4     9
  370     8    10
  371     5     7
  372    10     7
  373     3     8
  374     9     5
  375     2     1
  376     6     5
  377     1     2
  378     4     1
  379     1     8
  380     8     5
  381     2     6
  382     4     2
  383     9    10
  384     3     3
  385     7     9
  386     5     1
  387    10     4
  388     3     7
  389     4     4
  390     4     2
  391     7     6
  392     6     1
  393     3     2
  394    10     2
  395     8     9
  396     1    10
  397     7     6
  398     5     8
  399    10     4
  400     8     3
  401     7     3
  402    10     2
  403     1    10
  404     7     1
  405     7     2
  406     5     7
  407    10     5
  408     8    10
  409     1     9
  410     4     9
  411    10     9
  412     5     6
  413     4     7
  414     6     3
  415     4     7
  416     2     7
  417     4     6
  418    10     9
  419     1     5
  420     9     1
  421    10     8
  422     3     5
  423     8     8
  424     9     1
  425     7     7
  426     8     1
  427     9     7
  428    10     7
  429     4    10
  430     5    10
  431     8     1
  432     4     9
  433     8     7
  434     2     3
  435     6     9
  436     6    10
  437     8     5
  438     3     7
  439     4     8
  440     8     8
  441     9    10
  442     9     2
  443     7     1
  444     7     3
  445     1     6
  446     1    10
  447     7     3
  448    10     2
  449     2     6
  450     5     1
  451     8     5
  452     2     9
  453     3     9
  454     6     3
  455     4     5
  456     9     7
  457     4     6
  458     6     1
  459     4     6
  460     2    10
  461     5     3
  462     4    10
  463     7     4
  464     9     3
  465     8     6
  466     6     9
  467    10     3
  468     2    10
  469     2    10
  470     7     8
  471     6     8
  472     4     4
  473     7     7
  474     2     9
  475     3     3
  476    10     8
  477     3     6
  478     1     6
  479     2     7
  480     4     5
  481     5     8
  482     8     2
  483    10     3
  484     4     2
  485     4     1
  486     1     5
  487    10     4
  488     5     5
  489     6     6
  490     7    10
  491     5     6
  492     1     4
  493     2     8
  494     7     7
  495     5     1
  496     5     8
  497    10     9
  498     2     9
  499     2     9
  500     6    10
  501     5     4
  502     8    10
  503     5     7
  504     2     1
  505     4     5
  506     7     5
  507     8     1
  508     4     5
  509     2     8
  510     9     8
  511     3    10
  512     4     4
  513     5     4
  514     5     7
  515     4     9
  516     2     9
  517     3     8
  518     5     2
  519     4     6
  520     5     9
  521    10     5
  522     3     3
  523     4     7
  524    10     9
  525    10     3
  526    10     9
  527     6     1
  528     6     9
  529     7     2
  530     8     6
  531     8     6
  532     2     7
  533     3     7
  534     8     7
  535     1     8
  536     6     3
  537     4     7
  538     2     3
  539     4     5
  540     5     8
  541     3     4
  542     3     7
  543     2    10
  544    10    10
  545     5     3
  546     9     5
  547     2     2
  548     6     6
  549     2     8
  550     2     4
  551     2     3
  552     5     5
  553     3     8
  554     3     5
  555     3     7
  556     1     8
  557     3     9
  558     5     5
  559     6     1
  560    10     2
  561     5     8
  562     5     2
  563     4     1
  564     2     4
  565     4     2
  566     3     2
  567     4     9
  568     8     3
  569     7     1
  570     1     7
  571     3     6
  572     8     7
  573     4     9
  574     3     1
  575    10    10
  576     4     6
  577     3    10
  578     1     6
  579     1     3
  580     2     4
  581     8     7
  582     8     9
  583     8     9
  584     4     9
  585    10     8
  586     7     1
  587     6     9
  588     4    10
  589     9     7
  590     8     4
  591     8     9
  592     6     2
  593     4     4
  594     2     4
  595     2    10
  596     4     8
  597     2     8
  598     3     1
  599     4    10
  600     6     2
  601     3     6
  602     8     6
  603     8    10
  604     7     8
  605     5     3
  606     1     5
  607     5     3
  608     7     6
  609    10     3
  610     2     2
  611     8     4
  612     2     8
  613     9     6
  614     2     4
  615     6     2
  616     8     4
  617     5     1
  618     4     6
  619    10     8
  620     7     9
  621     2     7
  622     1     4
  623     2     8
  624     7     4
  625    10     7
  626     4     8
  627     8     1
  628     6     1
  629     4     4
  630     6     8
  631     8     2
  632     5     5
  633     9     7
  634     7     7
  635     9     7
  636     1     5
  637     9     6
  638     2    10
  639     5    10
  640     1     3
  641     5     5
  642    10     4
  643     7     6
  644     4     7
  645     9     7
  646     3     3
  647     1     4
  648     5     2
  649     9    10
  650    10     6
  651     1     4
  652     2     2
  653     8     6
  654    10     2
  655     2     9
  656     9     1
  657     3    10
  658     3     6
  659     3     1
  660    10     2
  661     9     3
  662     1     3
  663    10     9
  664     1     7
  665     5     4
  666     5    10
  667     8    10
  668     2     2
  669     4     6
  670    10     6
  671     3     1
  672     6     4
  673     3     1
  674     8     8
  675     1     6
  676     8     7
  677     8     9
  678     5     3
  679     1     3
  680     3     1
  681     6     4
  682     3     4
  683     7    10
  684    10     5
  685     6     7
  686     8     9
  687     9     5
  688     8     9
  689     7     1
  690     8     8
  691     1    10
  692     1     6
  693     2     5
  694    10    10
  695     8     1
  696     6     4
  697     1     4
  698     2     7
  699     2     2
  700     4     4
  701     4     7
  702     1     8
  703     1     5
  704     5     8
  705     4     1
  706     8     2
  707     1     3
  708     7     9
  709     8     7
  710     8     2
  711     2    10
  712    10     2
  713     4     5
  714     3     7
  715     5     5
  716     5    10
  717     2     5
  718     4     5
  719     9     3
  720     1     5
  721     3     7
  722     2     6
  723     4     2
  724     1     1
  725     9     3
  726     3    10
  727     9     6
  728     3     8
  729    10    10
  730     2     6
  731     7     5
  732     5     3
  733     5     2
  734     1     7
  735     5     9
  736     8     2
  737     6     4
  738     2     6
  739     2     6
  740     8    10
  741     6     5
  742     2    10
  743     9     9
  744     3    10
  745     6     7
  746    10     3
  747     9     8
  748     5     7
  749     8     7
  750     7     9
  751     6     3
  752     4     6
  753     9     3
  754     3     1
  755     4     2
  756     4    10
  757     1     6
  758     3     9
  759     3     6
  760     8     8
  761    10     5
  762     4     2
  763     1    10
  764     9     4
  765     7     3
  766     6     1
  767     7    10
  768     7     2
  769     7     7
  770     7    10
  771     3     3
  772    10     6
  773     8     6
  774     4     4
  775     2     5
  776     6     6
  777    10     3
  778     1     7
  779     1     3
  780     7     5
  781     3     9
  782     7     6
  783     4    10
  784     9     7
  785     3     3
  786     8     7
  787     1     1
  788     7     8
  789     8    10
  790    10     2
  791     6     1
  792     9     2
  793     9     8
  794     6     8
  795     8    10
  796     1     4
  797     8     4
  798     3     3
  799     5    10
  800     2     1
  801     1     1
  802     1     1
  803     4     4
  804     9     2
  805     8     9
  806     9     7
  807     3     8
  808     7     9
  809     2     7
  810     2     6
  811     6     9
  812     1     9
  813     7    10
  814     7     7
  815     8     5
  816     6     9
  817     6    10
  818    10    10
  819     4     7
  820     4     6
  821     5     5
  822     8     3
  823     8     6
  824     2     6
  825     1     7
  826     4     6
  827     4     8
  828     5     7
  829     1     4
  830     6     1
  831     4     8
  832     9     4
  833     7     5
  834    10     7
  835    10     1
  836     2     2
  837     3     1
  838     1    10
  839     1     1
  840     3     9
  841     8     1
  842     3     5
  843     5     5
  844     1     8
  845     6     5
  846     5     9
  847     4    10
  848     9     2
  849     6     5
  850     7     5
  851     4     5
  852     1     8
  853     8     5
  854     1     9
  855     3     4
  856     2     4
  857     8     9
  858     8     1
  859     3     8
  860     1     2
  861     1     3
  862     1     5
  863     4     1
  864     3     9
  865     9     3
  866     9     9
  867    10     5
  868     2     2
  869     1     6
  870    10     2
  871     3    10
  872     6     3
  873     4     8
  874     8     5
  875     8     2
  876     5     9
  877     6     9
  878     6    10
  879     4     6
  880     3     2
  881     3     7
  882     3     7
  883     8     8
  884     4     3
  885    10     6
  886     3     2
  887     5     9
  888     3     6
  889     5     9
  890     6     4
  891     6     9
  892     7     6
  893     7     1
  894     1     5
  895     3     3
  896     4     3
  897     9     4
  898     1     2
  899     6     4
  900     5    10
  901     4     5
  902     5     3
  903     7     7
  904     4    10
  905     9     8
  906     2     2
  907     8     5
  908     6     2
  909     8    10
  910     8     3
  911     8    10
  912     8     4
  913     5     7
  914     3     1
  915     8     9
  916     6     4
  917     6     8
  918     7     8
  919     1     4
  920     7     1
  921     8    10
  922     7     8
  923     2     6
  924     4     6
  925     1     8
  926     2     3
  927     9     6
  928     6     5
  929     6     7
  930     4     2
  931     9     5
  932     2     8
  933     2     3
  934     8     8
  935    10    10
  936     9     5
  937     9     9
  938     7     1
  939     6    10
  940     6     6
  941     4     7
  942     5     9
  943     2     1
  944     8     6
  945     7     3
  946     5     8
  947     3     4
  948     1     9
  949     1     8
  950     7     7
  951    10     8
  952     3     9
  953     5     3
  954     1     1
  955    10     7
  956     4     7
  957    10     6
  958     4     4
  959     1     8
  960     5    10
  961     8     2
  962     5     8
  963     8     2
  964    10     8
  965     9    10
  966     3    10
  967     7     2
  968     7     3
  969     2     3
  970     9     3
  971     2    10
  972     1    10
  973     8     3
  974     5     9
  975     1    10
  976     8     1
  977     9     3
  978     9     2
  979     3     4
  980     1     2
  981     3     4
  982     1    10
  983     3     2
  984     7     5
  985     6     8
  986     8     2
  987     6     9
  988     7     7
  989     6     5
  990     5     8
  991     9     2
  992     5     9
  993     5     8
  994     5     5
  995     2     4
  996    10     4
  997     8     2
  998    10     2
  999    10     2
 1000     7     8
 1001     1     8
 1002     4     4
 1003     7     8
 1004     3     8
 1005     4     4
 1006     4     9
 1007     7     7
 1008     2     3
 1009     3     1
 1010     2     8
 1011     7     2
 1012    10     6
 1013     8     2
 1014     8    10
 1015    10     4
 1016     4    10
 1017     1     8
 1018     7     2
 1019     5     3
 1020    10     2
 1021     6     4
 1022     3     9
 1023     9     3
 1024     5     6
 1025     7     2
 1026     8     5
 1027     8     3
 1028     9     2
 1029     7     8
 1030    10     5
 1031     2     1
 1032     7     1
 1033     2     3
 1034    10     9
 1035     8     6
 1036     2     2
 1037     8     6
 1038     5     8
 1039     3     7
 1040    10     8
 1041     1     6
 1042     4     5
 1043     9     1
 1044     8     3
 1045     4     3
 1046     4     6
 1047     2     9
 1048     7     6
 1049     5    10
 1050     4     1
 1051     7     6
 1052     9     5
 1053     2     4
 1054     1     4
 1055     6     5
 1056    10     6
 1057     4     1
 1058     8     5
 1059     4     7
 1060     5     9
 1061    10     4
 1062     5     1
 1063     4    10
 1064     1     5
 1065     3     2
 1066     2     9
 1067    10     7
 1068     1     4
 1069     9     9
 1070     6     9
 1071     3     5
 1072     2     9
 1073     5     6
 1074     5    10
 1075     6     7
 1076     8     5
 1077     5     7
 1078     9     9
 1079     9    10
 1080     3     2
 1081    10    10
 1082     9     8
 1083     9     5
 1084     2     6
 1085     4     1
 1086     1     9
 1087    10     1
 1088    10     4
 1089     1     4
 1090     1     6
 1091     3     4
 1092     7     7
 1093     2    10
 1094     7     1
 1095     3     5
 1096    10    10
 1097     6     1
 1098     8     1
 1099     9    10
 1100     6     4
 1101     1     3
 1102     9    10
 1103     4     4
 1104     7     9
 1105     4     2
 1106     7    10
 1107     9     9
 1108     6     7
 1109     7    10
 1110     7     9
 1111     4     8
 1112     5     3
 1113     3     1
 1114    10     3
 1115     9     4
 1116     9     2
 1117     4    10
 1118     8     6
 1119     1     4
 1120     2     6
 1121     4     3
 1122     5     7
 1123    10     8
 1124     9     1
 1125     9     7
 1126     8     2
 1127     6     9
 1128     2     1
 1129     5     1
 1130     9     2
 1131     5     5
 1132     9    10
 1133     7     4
 1134     8     7
 1135     9    10
 1136     3     1
 1137     4     4
 1138     4     3
 1139     7     6
 1140     9     1
 1141     7     2
 1142     8     9
 1143     5    10
 1144     6     1
 1145    10    10
 1146     1     2
 1147     5     2
 1148     8     5
 1149     4    10
 1150     2     5
 1151     9     7
 1152     9     9
 1153     5     5
 1154     7     1
 1155     5     2
 1156     4     4
 1157     1     6
 1158     8     2
 1159     9     9
 1160     1     1
 1161     1     8
 1162     3    10
 1163     2     9
 1164     5     7
 1165     3     3
 1166     6     6
 1167     5     8
 1168     6    10
 1169     2     5
 1170     3     8
 1171    10     2
 1172     7     9
 1173     6     5
 1174     1     2
 1175     5    10
 1176     8     1
 1177     9     3
 1178     5     5
 1179     3     6
 1180     3     9
 1181     9     2
 1182     6     4
 1183    10     6
 1184     9     4
 1185     5     5
 1186     7     8
 1187     1     4
 1188    10     4
 1189    10     6
 1190    10     6
 1191     5     3
 1192     5     3
 1193    10     6
 1194     8    10
 1195     6     8
 1196     8     7
 1197     6     2
 1198     5     3
 1199     8     7
 1200     2     4
 1201     4     9
 1202     8     6
 1203    10     7
 1204     7     9
 1205     9     6
 1206     6     8
 1207     1     1
 1208     1     8
 1209    10     7
 1210     4     4
 1211     3    10
 1212     3     5
 1213     7     3
 1214     5     5
 1215     1     2
 1216    10    10
 1217     4     8
 1218     7     1
 1219     1     4
 1220     1    10
 1221     6    10
 1222     8     1
 1223     7     6
 1224     6     2
 1225     1     1
 1226     2     3
 1227     3     8
 1228    10    10
 1229     7     8
 1230     5     2
 1231     4     5
 1232     7     8
 1233    10     6
 1234     9     5
 1235     5     9
 1236    10     5
 1237    10     7
 1238     1     8
 1239     2     8
 1240    10     3
 1241     7     3
 1242    10     3
 1243     2     7
 1244    10     4
 1245     8     3
 1246     8     9
 1247    10    10
 1248     5     6
 1249     2     8
 1250     1     7
 1251     7     5
 1252     9     7
 1253    10     6
 1254     9     5
 1255     3     9
 1256     9     4
 1257     4     9
 1258     5     3
 1259     4     7
 1260     7     7
 1261     7     6
 1262     9     2
 1263     1     9
 1264    10     9
 1265     6     8
 1266     2     2
 1267     5    10
 1268     7     8
 1269     6     4
 1270     1     9
 1271     8     9
 1272     3     1
 1273     5     2
 1274     2     8
 1275     6     6
 1276    10     9
 1277     6     2
 1278     6     5
 1279     9     9
 1280     2    10
 1281     3     6
 1282     5    10
 1283     5     9
 1284     4     3
 1285     6     1
 1286     9     3
 1287    10     1
 1288     2     8
 1289     2     9
 1290    10     9
 1291     9     5
 1292     9    10
 1293     4     8
 1294     3     3
 1295     5    10
 1296     7     6
 1297    10     1
 1298     8     2
 1299     2    10
 1300     4     6
 1301     7     6
 1302     2    10
 1303     7     9
 1304     6     4
 1305     4     9
 1306     2     3
 1307     7    10
 1308    10     7
 1309    10     8
 1310     7     3
 1311     7     8
 1312     9     3
 1313     7     5
 1314     6     3
 1315     8     8
 1316     7     3
 1317     8     8
 1318     3     2
 1319     1     7
 1320     1     9
 1321    10     9
 1322     9     8
 1323     2     2
 1324     7     3
 1325     4     5
 1326     7     6
 1327    10     9
 1328     6     2
 1329     3     3
 1330     5     2
 1331     7     2
 1332     1     7
 1333     8     7
 1334     5     4
 1335     1     3
 1336     9     9
 1337     2     6
 1338     2     3
 1339     7     6
 1340     8    10
 1341     4     8
 1342     6     4
 1343     6     5
 1344     9    10
 1345     1     9
 1346     6     7
 1347     8     2
 1348    10     2
 1349     5     8
 1350     2     7
 1351     5     3
 1352     9     9
 1353     3     9
 1354     6     9
 1355     2     3
 1356     7     2
 1357     1     4
 1358     7     1
 1359     9     5
 1360     8     9
 1361     7     1
 1362     5     8
 1363     6     6
 1364     4     2
 1365     1     5
 1366     9     5
 1367     8     8
 1368     1     7
 1369     9     2
 1370     6     2
 1371     9     2
 1372     8     1
 1373     4    10
 1374     4     9
 1375     6     4
 1376     8     9
 1377     1    10
 1378     5     3
 1379     3     5
 1380     9     7
 1381     9     2
 1382     7     9
 1383     7     2
 1384     8     1
 1385     6     4
 1386     5     7
 1387     7     3
 1388     1     9
 1389     9     3
 1390     7     9
 1391     2     8
 1392     5     5
 1393     6     4
 1394     5     1
 1395     1     3
 1396     1     3
 1397     7     9
 1398     7     8
 1399     7     1
 1400     8     8
 1401     2     2
 1402    10     3
 1403     7     1
 1404     9     9
 1405     5     5
 1406     1     9
 1407     9    10
 1408     7     1
 1409     5    10
 1410     2     4
 1411     8     8
 1412     3     3
 1413     2     8
 1414     4     1
 1415     3     1
 1416    10     4
 1417     5     8
 1418     5    10
 1419     9     6
 1420     2     7
 1421     4     7
 1422     7     4
 1423     7     1
 1424     5     1
 1425    10     6
 1426     1     6
 1427     9     8
 1428     4     8
 1429     7     4
 1430     9    10
 1431     4     2
 1432     8     5
 1433     1     7
 1434     1     5
 1435     5     6
 1436     3     1
 1437     1    10
 1438     8     6
 1439     9     5
 1440     1     3
 1441     6     1
 1442     7     6
 1443     7     5
 1444     8     4
 1445     4     7
 1446     3     1
 1447     4     9
 1448     7     2
 1449     9     3
 1450     6     9
 1451     4     1
 1452     4     8
 1453     7     3
 1454     8     4
 1455     9     9
 1456     9     5
 1457     7     8
 1458     5     3
 1459     4     5
 1460     2     3
 1461     4     8
 1462     7     7
 1463     7     8
 1464     8     2
 1465     8     2
 1466     7    10
 1467     4    10
 1468     9     2
 1469     4     7
 1470     4     7
 1471     2     2
 1472     7    10
 1473     2     1
 1474     6     8
 1475     8    10
 1476     6     5
 1477     5     4
 1478     2     3
 1479     1     5
 1480     5     4
 1481     9     7
 1482    10     7
 1483     4     9
 1484     1     5
 1485     6     6
 1486     7     7
 1487     6     8
 1488     4     6
 1489     2     9
 1490     5     2
 1491    10     9
 1492     7     4
 1493     8     4
 1494     3     6
 1495     4    10
 1496     5     7
 1497     4     9
 1498     4     5
 1499     6     1
 1500    10     8
 1501     4     1
 1502     4     5
 1503     5     9
 1504     9     9
 1505     3     1
 1506     9     3
 1507     5     6
 1508     1     9
 1509     8     3
 1510     1     3
 1511    10     5
 1512     7    10
 1513     7     4
 1514    10    10
 1515     6     5
 1516     9    10
 1517     9     5
 1518     5    10
 1519    10     9
 1520    10     6
 1521     3     4
 1522     5     4
 1523     1     9
 1524     1     7
 1525     9     5
 1526     9     4
 1527     3     2
 1528     3     6
 1529     3     6
 1530     3     9
 1531     1    10
 1532     7    10
 1533     5     3
 1534     4     1
 1535     9     4
 1536     1     6
 1537     3     5
 1538     9     4
 1539     8     7
 1540     1     7
 1541     5     5
 1542     4     8
 1543     8     1
 1544     3    10
 1545    10     1
 1546     5     5
 1547     4     5
 1548     2     4
 1549     7     6
 1550     8     4
 1551     9     1
 1552     8     9
 1553     2     9
 1554    10     3
 1555     6     9
 1556     7     7
 1557     9     4
 1558     8     6
 1559     9     1
 1560     8     4
 1561     9     6
 1562     4     8
 1563     9    10
 1564     2     1
 1565     4    10
 1566     8     8
 1567     1     4
 1568     5     8
 1569     8     5
 1570     2     5
 1571    10     3
 1572     3     5
 1573     6     9
 1574     4     2
 1575     2    10
 1576     1     4
 1577     1    10
 1578     9     9
 1579     2    10
 1580     1     2
 1581     6    10
 1582     5     8
 1583    10     1
 1584     1     4
 1585    10     3
 1586     4     1
 1587     1     4
 1588     9     1
 1589     4     1
 1590     8     5
 1591    10     4
 1592     6     8
 1593     6     3
 1594     1     9
 1595     4     1
 1596     7     5
 1597     3     5
 1598    10     6
 1599     9     8
 1600     7     2
 1601    10     8
 1602     2     9
 1603     9     6
 1604     5    10
 1605     8     7
 1606     1     6
 1607     1    10
 1608     3     8
 1609     7     5
 1610     6     5
 1611     1     9
 1612     2     1
 1613     8     4
 1614    10     5
 1615     1     6
 1616     5     4
 1617     5     9
 1618     3     5
 1619     8     1
 1620     9     5
 1621     4     3
 1622     3     3
 1623     3     8
 1624    10     7
 1625     2     4
 1626    10    10
 1627     1     2
 1628     6     9
 1629     4     2
 1630     6     6
 1631     4     3
 1632     4     8
 1633     6     2
 1634     5     1
 1635     1     4
 1636     7     9
 1637     3     6
 1638     9     1
 1639     1     3
 1640     6     1
 1641     4     7
 1642    10     2
 1643     1     7
 1644     1     6
 1645     1     1
 1646     8     3
 1647    10     2
 1648     3     6
 1649     5     6
 1650     8     8
 1651     2     1
 1652     1     8
 1653    10     5
 1654     4     3
 1655     4     1
 1656     1     8
 1657     1     3
 1658     7     5
 1659     8     8
 1660     3     2
 1661     4     6
 1662     8     7
 1663     5     6
 1664     6     3
 1665     3     3
 1666     1     9
 1667     9     8
 1668     5     8
 1669     7     2
 1670     1     3
 1671     9     4
 1672     4     3
 1673     4     8
 1674     4     8
 1675    10     9
 1676     9     3
 1677     9     6
 1678     3     9
 1679     9    10
 1680     6     7
 1681     8     7
 1682     4     7
 1683     1     9
 1684    10     3
 1685     7     3
 1686     1     8
 1687     3    10
 1688     9     4
 1689     8     2
 1690     9     8
 1691     1     2
 1692     7     3
 1693     1     6
 1694     7     1
 1695     6     3
 1696     3    10
 1697     6     4
 1698     7     6
 1699     5     4
 1700     8     7
 1701     2     1
 1702     5     5
 1703     2     2
 1704     3     4
 1705     1     4
 1706     1     2
 1707     6     7
 1708     8     3
 1709     9     1
 1710     3     4
 1711     4     1
 1712     3     3
 1713     1     6
 1714     4     9
 1715     3     7
 1716     4     5
 1717    10     6
 1718     2     6
 1719     4     6
 1720     6     9
 1721    10    10
 1722     6     6
 1723     2     1
 1724     6    10
 1725     5    10
 1726     1     3
 1727     4     3
 1728     6     2
 1729     7     2
 1730     5     9
 1731     1     4
 1732     2     4
 1733    10     1
 1734     3     4
 1735     7     7
 1736     4     3
 1737     9     7
 1738     5     3
 1739     6     6
 1740     6     5
 1741     3     4
 1742     6     4
 1743     2     5
 1744     2     7
 1745     2     4
 1746     1     1
 1747     2     4
 1748     9     1
 1749     7     3
 1750     7     6
 1751     7     5
 1752     5     7
 1753     8     4
 1754     4     2
 1755     9     4
 1756     2     8
 1757     8     1
 1758     4     6
 1759     8     7
 1760     9    10
 1761     3     5
 1762     2     5
 1763     9     7
 1764     1    10
 1765     2     2
 1766     5    10
 1767     3     6
 1768     7     9
 1769    10     3
 1770     8     5
 1771     4     5
 1772     4     4
 1773     7     4
 1774     2    10
 1775     9     3
 1776     9    10
 1777     5     8
 1778     2     1
 1779     8     9
 1780     5     5
 1781     9     7
 1782     6     5
 1783     3     7
 1784     4     7
 1785    10     9
 1786     2     5
 1787     5     5
 1788     3    10
 1789     8     8
 1790     7     9
 1791    10     4
 1792    10     2
 1793     9     6
 1794    10     5
 1795     5     4
 1796     4     4
 1797    10     4
 1798    10     8
 1799     5     8
 1800     8     5
 1801     1     9
 1802     3     5
 1803     2     8
 1804     3     2
 1805    10     9
 1806    10     8
 1807     3     8
 1808     4     3
 1809     3    10
 1810     5     3
 1811     9     5
 1812     4     2
 1813     4     5
 1814     6     2
 1815     8     9
 1816     3     5
 1817     5    10
 1818     6    10
 1819     7     4
 1820     1     8
 1821     3     2
 1822     6     1
 1823     4     9
 1824     1     9
 1825     5     8
 1826     8     6
 1827     6    10
 1828     5     4
 1829    10     6
 1830     2     4
 1831     5    10
 1832     7    10
 1833     2     7
 1834     8     4
 1835     8     2
 1836     9     6
 1837     6     3
 1838     6     8
 1839     5     9
 1840     3     7
 1841     1     3
 1842     3     7
 1843     4     7
 1844     9     1
 1845     5     5
 1846     5     8
 1847     8     7
 1848     8     3
 1849     1     3
 1850     4     8
 1851     7     4
 1852     9    10
 1853     4     8
 1854     1     2
 1855     3     4
 1856    10     8
 1857     6     2
 1858     7     2
 1859    10     8
 1860     2     1
 1861     7     1
 1862     1     2
 1863     3     8
 1864     6     3
 1865     3     9
 1866     9     7
 1867     4    10
 1868     7     5
 1869     7     3
 1870    10     8
 1871     3     5
 1872     4     4
 1873     1     4
 1874     7     6
 1875     9     1
 1876    10     4
 1877     4     2
 1878     1     3
 1879     1     9
 1880     4     2
 1881     7     3
 1882    10     7
 1883    10     1
 1884     9     5
 1885    10     2
 1886     4     3
 1887     7     2
 1888     1     5
 1889     5     6
 1890     6     3
 1891     7     1
 1892     9    10
 1893     3     5
 1894     4     8
 1895    10     9
 1896     4     8
 1897     1    10
 1898     2     3
 1899     9     2
 1900     4     3
 1901     3     8
 1902     8     7
 1903     7    10
 1904     4     2
 1905     1    10
 1906     2     2
 1907     8     7
 1908     6     2
 1909     2     7
 1910     1     2
 1911     4     2
 1912     3     1
 1913     3     1
 1914     8     6
 1915     3     1
 1916     8     1
 1917     8     1
 1918     7     9
 1919     8     4
 1920     1     8
 1921     1     3
 1922     9    10
 1923     4     1
 1924     4     6
 1925     6     3
 1926    10     2
 1927    10     6
 1928     1     1
 1929     8     6
 1930     8    10
 1931     9     5
 1932    10     5
 1933     1     4
 1934     7    10
 1935     6     5
 1936     7     2
 1937     7     3
 1938    10     2
 1939     8    10
 1940     3    10
 1941     8     2
 1942     5    10
 1943     9    10
 1944     9     2
 1945     3     2
 1946     9     4
 1947     4     6
 1948     2     2
 1949     4     4
 1950     9     4
 1951     3     4
 1952     5     3
 1953     3     6
 1954    10     5
 1955     5     3
 1956     4     9
 1957     8    10
 1958     3     4
 1959     9     9
 1960     7     8
 1961    10     7
 1962     3     1
 1963     8     5
 1964     6     8
 1965     1    10
 1966     1     8
 1967     3     5
 1968     1    10
 1969     4     4
 1970     2     3
 1971     5     6
 1972     8     9
 1973     7     4
 1974     1     5
 1975     4     7
 1976     5     6
 1977     5     1
 1978     3     9
 1979     7     4
 1980     7     7
 1981     7     9
 1982     6     9
 1983     2     9
 1984     4    10
 1985     5     5
 1986     7     2
 1987     8    10
 1988     5     4
 1989     7     7
 1990     1     5
 1991     1     1
 1992     9     4
 1993     5     5
 1994     9     1
 1995     7     4
 1996     5     9
 1997     9     1
 1998     6     4
 1999     8     8
 2000     7     9
 2001     1    10
 2002     6     7
 2003     1    10
 2004     4     5
 2005     1     2
 2006     7     6
 2007     8     1
 2008     4     8
 2009     5     2
 2010    10    10
 2011     7     4
 2012     5     5
 2013     7     1
 2014     4     5
 2015     5     4
 2016     4     7
 2017     4     3
 2018     4     9
 2019     9     6
 2020     1     6
 2021    10    10
 2022     6    10
 2023     4     1
 2024     1     5
 2025     9     6
 2026     7     4
 2027     4     4
 2028     6     9
 2029     5     8
 2030     9     5
 2031     9     1
 2032     1     9
 2033    10     1
 2034     7     9
 2035     6     4
 2036     8     9
 2037    10     5
 2038     9     4
 2039     6    10
 2040     6     7
 2041     6     5
 2042     3    10
 2043    10     4
 2044     6     7
 2045     7     1
 2046     4     9
 2047     8     1
 2048     8     1
 2049     4     3
 2050     9     8
 2051     8    10
 2052     7     1
 2053     1     4
 2054     5     1
 2055     1     8
 2056     1     6
 2057     3     3
 2058     6     5
 2059     5     5
 2060     4     6
 2061     5     5
 2062     4     9
 2063     6     9
 2064     9     6
 2065     9     1
 2066     9     4
 2067     7     8
 2068    10    10
 2069    10    10
 2070     2     4
 2071     6     8
 2072     1     3
 2073     6     7
 2074    10     9
 2075    10    10
 2076     3    10
 2077     1     2
 2078     8    10
 2079     3     9
 2080    10     8
 2081     4     4
 2082     1     2
 2083     6     9
 2084     3     6
 2085     8     8
 2086     7     9
 2087    10     7
 2088     7     8
 2089     1    10
 2090     2     7
 2091     7     7
 2092     1     1
 2093     4     7
 2094     1    10
 2095     8     7
 2096     9     5
 2097     7     1
 2098     6     7
 2099     8     9
 2100     2     1
 2101     7     5
 2102     8     1
 2103     8     6
 2104     3     9
 2105     1     6
 2106     9     6
 2107     2     1
 2108     8     8
 2109     9     3
 2110     6     2
 2111     3     7
 2112     1    10
 2113     8     1
 2114     6     7
 2115     3     8
 2116     1     5
 2117     4     9
 2118     4     3
 2119     5     4
 2120     1     5
 2121     1     3
 2122     3     1
 2123     7     5
 2124    10     5
 2125     8     1
 2126     2     5
 2127     6     2
 2128     1     3
 2129     8     7
 2130     2     1
 2131     7     6
 2132     8     5
 2133     9     1
 2134     7     9
 2135     2     9
 2136     5    10
 2137     3     1
 2138     8     4
 2139    10     9
 2140     3     8
 2141     7    10
 2142     8     3
 2143     2     8
 2144     3     8
 2145     8    10
 2146     4     8
 2147     7     8
 2148     9     8
 2149     5     2
 2150     4     2
 2151     9     8
 2152     4     4
 2153     4     7
 2154     3     8
 2155     9     6
 2156    10     2
 2157     6     5
 2158     3     6
 2159    10     9
 2160     8     7
 2161     2     9
 2162     1     8
 2163     5     8
 2164     4     2
 2165     3     3
 2166    10     7
 2167     5     3
 2168     4     6
 2169     3     8
 2170     7     4
 2171     5     4
 2172    10     9
 2173     5     1
 2174     6     5
 2175     8     3
 2176     6     2
 2177     4     2
 2178    10     4
 2179     3     7
 2180     1     7
 2181     5     7
 2182    10     2
 2183     6     4
 2184     2     4
 2185     4     6
 2186     1    10
 2187     8    10
 2188     7     7
 2189     2     8
 2190     2     8
 2191     2    10
 2192     6     2
 2193     9     6
 2194     8     9
 2195     5     2
 2196     4     1
 2197    10     3
 2198     1     8
 2199    10     5
 2200    10     2
 2201     5     1
 2202     7     7
 2203     8     5
 2204     8     6
 2205    10     4
 2206     7     5
 2207     7     6
 2208     4     2
 2209     2    10
 2210     2     3
 2211     1     4
 2212     6     9
 2213    10     4
 2214     8     6
 2215     6     7
 2216     1     8
 2217     3    10
 2218     8     2
 2219     1     4
 2220     4     1
 2221     1     5
 2222     2     5
 2223     3     7
 2224     9     2
 2225     8     7
 2226     9     7
 2227     1    10
 2228     1     7
 2229     1     6
 2230     2    10
 2231     1     4
 2232     3     5
 2233     7     1
 2234     4     9
 2235     4     3
 2236     3     6
 2237     4     6
 2238     6     7
 2239     6    10
 2240     7     6
 2241     7     5
 2242     8     6
 2243     3     2
 2244     4     9
 2245     4     6
 2246     2     7
 2247     5     1
 2248    10     5
 2249     7     7
 2250     2     1
 2251     4     3
 2252     4     9
 2253     8     5
 2254     6     3
 2255     7     5
 2256    10     4
 2257     7     9
 2258    10     6
 2259     7     7
 2260     7     6
 2261     4     7
 2262     5     8
 2263     8     9
 2264     4     4
 2265     8     5
 2266     8     9
 2267     5    10
 2268     9     1
 2269     7     5
 2270     6     6
 2271     1     8
 2272     4     8
 2273     5     5
 2274    10     4
 2275     7     3
 2276     5     8
 2277     4     1
 2278    10     8
 2279     5     7
 2280     1     3
 2281     2     1
 2282     1     9
 2283    10     6
 2284    10     6
 2285     4     3
 2286     9     3
 2287     2     6
 2288     5     3
 2289     8     9
 2290     2     7
 2291     7     2
 2292     8     1
 2293     6     3
 2294     6     1
 2295     6     8
 2296     5     8
 2297     9     8
 2298     2     2
 2299     5     1
 2300     1     6
 2301     7     6
 2302     1     8
 2303    10     1
 2304     3     5
 2305     6     3
 2306     2     3
 2307     1     6
 2308     6     5
 2309     8     2
 2310     7    10
 2311     5    10
 2312     8     3
 2313     7     5
 2314     8     9
 2315     8     1
 2316     8     6
 2317     5     5
 2318     5     2
 2319     6    10
 2320     6     2
 2321     3     6
 2322     3     9
 2323    10     4
 2324     7     3
 2325     1     3
 2326     6     2
 2327     9     2
 2328     2     5
 2329     6     9
 2330     8     7
 2331     2     1
 2332     9     4
 2333     1     5
 2334    10     8
 2335     8     4
 2336     4     3
 2337     3     2
 2338     7     8
 2339     8     6
 2340    10     3
 2341     8     9
 2342     9     7
 2343     5     2
 2344     1     2
 2345     4     7
 2346     3    10
 2347     5     5
 2348     3     6
 2349     1    10
 2350     1     9
 2351     9     5
 2352     5     2
 2353     8    10
 2354     6     8
 2355     7     7
 2356     6     5
 2357    10     9
 2358     9     2
 2359     7     8
 2360     9     6
 2361     1     6
 2362     6     3
 2363     2     7
 2364     3     1
 2365     1     1
 2366     7     4
 2367     1     1
 2368     9     6
 2369     6     6
 2370     8     6
 2371     6     4
 2372     4    10
 2373     1     4
 2374    10     1
 2375     7     1
 2376    10     2
 2377     9     3
 2378     2     9
 2379     5     5
 2380     8     3
 2381    10     3
 2382     3     9
 2383     6     1
 2384     9     5
 2385     4    10
 2386     6     7
 2387     8    10
 2388     7     2
 2389     5     6
 2390     7     3
 2391     2     1
 2392     7     4
 2393     8     8
 2394     6     4
 2395     6     1
 2396     7     8
 2397     9    10
 2398     2     2
 2399     3     7
 2400     7     5
 2401     7     6
 2402     6     6
 2403     3     6
 2404     3     5
 2405     3     8
 2406     6     9
 2407     6     9
 2408    10     4
 2409     5     8
 2410     9     2
 2411     5     8
 2412     6     1
 2413    10     7
 2414     4     6
 2415     6     7
 2416    10     9
 2417     3     7
 2418    10     8
 2419     3    10
 2420     4     6
 2421     5     1
 2422     9     4
 2423     1     6
 2424    10     8
 2425     8     6
 2426     8     2
 2427     8     6
 2428     9     8
 2429     8     2
 2430     2    10
 2431     2     3
 2432     8    10
 2433     2     9
 2434     3     3
 2435     6     7
 2436     8     2
 2437     8    10
 2438     1     3
 2439     8    10
 2440     3     9
 2441     2     8
 2442     9     8
 2443     6     1
 2444     2     9
 2445     5     9
 2446    10     1
 2447     6     7
 2448     2     7
 2449     2     5
 2450     8     3
 2451     1     1
 2452     6     2
 2453     5     2
 2454     3    10
 2455    10     9
 2456    10     6
 2457     4     5
 2458     5     2
 2459     2     3
 2460     5     7
 2461     2     5
 2462     5     2
 2463     8     1
 2464     2     1
 2465     3     2
 2466     2     9
 2467     5     4
 2468     3     8
 2469     8     7
 2470    10     8
 2471     1     4
 2472     3     4
 2473    10     7
 2474     2     4
 2475     7     4
 2476     1     4
 2477    10     3
 2478     5     9
 2479    10     7
 2480     7     7
 2481     5     1
 2482     4     4
 2483     8     5
 2484     5     5
 2485     6    10
 2486     5     5
 2487     1     5
 2488     9     3
 2489     2     8
 2490     1    10
 2491     5     8
 2492     6    10
 2493     5     1
 2494     3     3
 2495     8     6
 2496     6     4
 2497     5     6
 2498     9     1
 2499    10     2
 2500     1     5
 2501     1    10
 2502     3     4
 2503     5     4
 2504     9     5
 2505     5     5
 2506     2     7
 2507     9     6
 2508     3     5
 2509     5     3
 2510     9     4
 2511     1     4
 2512     1     4
 2513     1    10
 2514     8     1
 2515     6     6
 2516     3     7
 2517    10     6
 2518     7     4
 2519     1     9
 2520     9     4
 2521     2     7
 2522     2     5
 2523     4     2
 2524    10     5
 2525     9     7
 2526     4     3
 2527     6     9
 2528     4     3
 2529    10     4
 2530     2     4
 2531     3     4
 2532     3     1
 2533    10     9
 2534     5     3
 2535     4    10
 2536     7     5
 2537     8     2
 2538     8     4
 2539     5     2
 2540    10     9
 2541     2     2
 2542    10     5
 2543     3    10
 2544     3     2
 2545     3     7
 2546     6     8
 2547     3     1
 2548     3     3
 2549     1     5
 2550     5     2
 2551     2     3
 2552     1     5
 2553     7     8
 2554     5     7
 2555     1    10
 2556     3     4
 2557     2     9
 2558     4     2
 2559     2     8
 2560     4     7
 2561     8     4
 2562     2     8
 2563     6     4
 2564    10     4
 2565     1     9
 2566    10     8
 2567     1     5
 2568     3     9
 2569     9     7
 2570     2     3
 2571     9     4
 2572     9     8
 2573     8     2
 2574     1     6
 2575     4     9
 2576     3     9
 2577    10     4
 2578     9     2
 2579     8     5
 2580     6     2
 2581     9     2
 2582     9     2
 2583     8     8
 2584     1     7
 2585     9     8
 2586     8     6
 2587     4     9
 2588     8     3
 2589     1     9
 2590     2     3
 2591     5     6
 2592     6     6
 2593     4    10
 2594     3     6
 2595     4     7
 2596    10     3
 2597     6     5
 2598     5     2
 2599     4     4
 2600     5     1
 2601     8     2
 2602     6     1
 2603     5     1
 2604    10     9
 2605     5     5
 2606     2     9
 2607     3     3
 2608     2     4
 2609    10     4
 2610     5     2
 2611     3     6
 2612     4     9
 2613     6     1
 2614     6     1
 2615     9     9
 2616    10     9
 2617    10     5
 2618     5     1
 2619     9     2
 2620     7     2
 2621     6     8
 2622     8     7
 2623     7     1
 2624     2    10
 2625     8     7
 2626     7     7
 2627     1     4
 2628     6     3
 2629     6     8
 2630     5     2
 2631     1     9
 2632     3     9
 2633     5     7
 2634     6     7
 2635    10     2
 2636     1     9
 2637     1     8
 2638     7     2
 2639     4     6
 2640     4     2
 2641     7     6
 2642    10    10
 2643    10     9
 2644     8     1
 2645     4     9
 2646     5     5
 2647     3     3
 2648     6    10
 2649     3    10
 2650    10     7
 2651     9     1
 2652     4     9
 2653     3     6
 2654     8     5
 2655     8     9
 2656     7     8
 2657     8     9
 2658     7     4
 2659     3     1
 2660     3     9
 2661     1     3
 2662     3     3
 2663     5     1
 2664     4     2
 2665     6     9
 2666     8     5
 2667     2     1
 2668     2     7
 2669     6     2
 2670    10     4
 2671     9     7
 2672     4     6
 2673     1     7
 2674     5     3
 2675     7     9
 2676     5     6
 2677     8     3
 2678     6     7
 2679     8     5
 2680     5     7
 2681     8     1
 2682     1     5
 2683     3     7
 2684     6     7
 2685     3     7
 2686     3     6
 2687     4     4
 2688     7     8
 2689     8     2
 2690     6     4
 2691    10     1
 2692     9     6
 2693     9     2
 2694     7     3
 2695    10     1
 2696     6     4
 2697     6     6
 2698     8     6
 2699     1     7
 2700     3     5
 2701     4     9
 2702    10     2
 2703     5     4
 2704     9     9
 2705    10     2
 2706     8     4
 2707    10     1
 2708     7     9
 2709     5    10
 2710     8    10
 2711     3     5
 2712     9     1
 2713     2    10
 2714     1     2
 2715     7     1
 2716     9     5
 2717     6     1
 2718     3     9
 2719     5     6
 2720    10     2
 2721     4     7
 2722     2     9
 2723     7     1
 2724     3    10
 2725     8     4
 2726     7     7
 2727     2     3
 2728     9     1
 2729     1    10
 2730     1     3
 2731     3     4
 2732     1     2
 2733     2     2
 2734     3     5
 2735     9     5
 2736     6     9
 2737     8     9
 2738     3     2
 2739    10     1
 2740     6     5
 2741    10     4
 2742     7     3
 2743     3     8
 2744     2    10
 2745    10     4
 2746     4     6
 2747     9     9
 2748     8     5
 2749     4     6
 2750     2     4
 2751     8     9
 2752     3     6
 2753     3     3
 2754    10    10
 2755    10    10
 2756     4     2
 2757     6     8
 2758     3     2
 2759     7     6
 2760     4    10
 2761     5     3
 2762     3     2
 2763     8     4
 2764     4     7
 2765     3     2
 2766     7     6
 2767     9     7
 2768     8     7
 2769     6     9
 2770     2     7
 2771     9     4
 2772     2     4
 2773     1     8
 2774     9     8
 2775     7     7
 2776     9     8
 2777     1     6
 2778     4     8
 2779     6     8
 2780     6     6
 2781     7     6
 2782     5     6
 2783     3     5
 2784     5     2
 2785     3     6
 2786     1     8
 2787     7     1
 2788     8     9
 2789     8     2
 2790     9     5
 2791     3     9
 2792     5    10
 2793     7     5
 2794    10     1
 2795     7     7
 2796     8    10
 2797    10     6
 2798     9     8
 2799     9     8
 2800     3     4
 2801     4     3
 2802     7     6
 2803     2     7
 2804     5     7
 2805     9     1
 2806     8    10
 2807     9     4
 2808     2     6
 2809     1     1
 2810     6     7
 2811     6     3
 2812     8     1
 2813     1     8
 2814     1    10
 2815    10     4
 2816     4     1
 2817     8     5
 2818     7    10
 2819     7     8
 2820     5     6
 2821     4     1
 2822     9     3
 2823     9     3
 2824     8    10
 2825     3     3
 2826     9     7
 2827     2     1
 2828     4    10
 2829     7     2
 2830     3     5
 2831     9     4
 2832     5     7
 2833     6     1
 2834     7     6
 2835     5     8
 2836     4     9
 2837    10     3
 2838     3     4
 2839     2    10
 2840     3    10
 2841     2     8
 2842    10     8
 2843     5     3
 2844     6     3
 2845    10     9
 2846    10     8
 2847     6     9
 2848    10     1
 2849     2     9
 2850     8     6
 2851     4    10
 2852     8     7
 2853     8     2
 2854     2     6
 2855     7     3
 2856     1     5
 2857     9     3
 2858    10     4
 2859     3     2
 2860     4     4
 2861     5     1
 2862     5     1
 2863     6     5
 2864    10     1
 2865     5     8
 2866     2     2
 2867     9     4
 2868     9     5
 2869     3     7
 2870     3     4
 2871     8     6
 2872     8     6
 2873     8     1
 2874    10     4
 2875     8     5
 2876     8     6
 2877     1     3
 2878     9     9
 2879     2     2
 2880     9    10
 2881     2     3
 2882     4     1
 2883     8     6
 2884     1     9
 2885     7     3
 2886     1     3
 2887     9     9
 2888     2     8
 2889     3     3
 2890     9     6
 2891     1     3
 2892     8     7
 2893     4     4
 2894     7     9
 2895     5     5
 2896     7     6
 2897     1     3
 2898     8     1
 2899     5     7
 2900    10    10
 2901     8     8
 2902     1     5
 2903     6     2
 2904     2     9
 2905     3     5
 2906    10     3
 2907     7     1
 2908    10     5
 2909     9     9
 2910     1     2
 2911     8     8
 2912     6     9
 2913     4     5
 2914     7     4
 2915     5    10
 2916     8     5
 2917     1     3
 2918     3     1
 2919    10     8
 2920     2     9
 2921     5     4
 2922     2     4
 2923     2     7
 2924     2     8
 2925     8     1
 2926     3     9
 2927     6     1
 2928     1    10
 2929     4     6
 2930     5     1
 2931    10     5
 2932     7     4
 2933     2     3
 2934    10     8
 2935    10     1
 2936     7    10
 2937    10     5
 2938     4     1
 2939     2    10
 2940     8     3
 2941     5     4
 2942     8     4
 2943     6    10
 2944     4     4
 2945     6     6
 2946     6     7
 2947     3     1
 2948    10     3
 2949    10     2
 2950     2     6
 2951    10     3
 2952     3     1
 2953     6     8
 2954    10     6
 2955     2     4
 2956     4     6
 2957     2     5
 2958     9     2
 2959     1     7
 2960     8     2
 2961     8     8
 2962     3     7
 2963    10     4
 2964    10     2
 2965     4     5
 2966     8     4
 2967     3     7
 2968     1     7
 2969     3     6
 2970     1     9
 2971     7     7
 2972     6     9
 2973     9     7
 2974     7     7
 2975     6     2
 2976     7     5
 2977     1     5
 2978     3     9
 2979     3     8
 2980     5     5
 2981     8     6
 2982     3     7
 2983     5     6
 2984     5     3
 2985     2     1
 2986     9     2
 2987     5     7
 2988     1     9
 2989     8     2
 2990     2    10
 2991     9     5
 2992     4    10
 2993    10     5
 2994     5     2
 2995     9     4
 2996     6     5
 2997     5    10
 2998     8     6
 2999     4    10
 3000     8     3
 3001     6     6
 3002     3     1
 3003    10     7
 3004     1     8
 3005     2     1
 3006     1     2
 3007     9     1
 3008     1     2
 3009     3    10
 3010     2     9
 3011     3    10
 3012     5     5
 3013     7     3
 3014     6     1
 3015     9     8
 3016     9     7
 3017     5     1
 3018     7     2
 3019     2     9
 3020     9     1
 3021     4     4
 3022     9     5
 3023     6     6
 3024     6     3
 3025     4     1
 3026     8     4
 3027     3     3
 3028     9     7
 3029     9     1
 3030     5     4
 3031    10     4
 3032    10     7
 3033     7    10
 3034     6     1
 3035     8     4
 3036     8     2
 3037    10     2
 3038     3    10
 3039     6     6
 3040     1     5
 3041     4     4
 3042     1     6
 3043     3    10
 3044     4     1
 3045    10     9
 3046     7     6
 3047     8     3
 3048     7     8
 3049     6     4
 3050     5     2
 3051     3     9
 3052     6     1
 3053    10     9
 3054     5     8
 3055     8    10
 3056     2     7
 3057    10     4
 3058     6    10
 3059     2     9
 3060     5     3
 3061     2     9
 3062     3     3
 3063     3     5
 3064     6     2
 3065     2     3
 3066     9     6
 3067     5     9
 3068     4     8
 3069     4     2
 3070     3     2
 3071     8     5
 3072     1     7
 3073     8     8
 3074     2     3
 3075     6     4
 3076     4     3
 3077     5    10
 3078     3     3
 3079     1     3
 3080     1     5
 3081     3     1
 3082     1     7
 3083     6     3
 3084     3     9
 3085     8     6
 3086     4     2
 3087     7     1
 3088     6     6
 3089     9     8
 3090     2     9
 3091     4    10
 3092     1     8
 3093     2    10
 3094     9     4
 3095     1     2
 3096     8    10
 3097     8     1
 3098     8     5
 3099     9     5
 3100     3     3
 3101    10     3
 3102     8     3
 3103     2     5
 3104     9     6
 3105     9     1
 3106     6     9
 3107     4     5
 3108     8     2
 3109    10     1
 3110     8     8
 3111     2     2
 3112     3     1
 3113     6     4
 3114     1     7
 3115     5    10
 3116    10     7
 3117     5     2
 3118     1    10
 3119     7     5
 3120     8     3
 3121    10    10
 3122     7     9
 3123     4     5
 3124     9     5
 3125     7     5
 3126     8     5
 3127    10     1
 3128     9     4
 3129     8     2
 3130     3     6
 3131     8    10
 3132     2     7
 3133     4     2
 3134     3     1
 3135    10    10
 3136     4     8
 3137     8     8
 3138     3     8
 3139     7     2
 3140     6     2
 3141     8     7
 3142     2     7
 3143     7     3
 3144     1     4
 3145     5     1
 3146     9     8
 3147    10     9
 3148     7     5
 3149     9    10
 3150     8     1
 3151     9     6
 3152     8     1
 3153     3     8
 3154     7     5
 3155     1     4
 3156     7     4
 3157     7     1
 3158     3     7
 3159    10    10
 3160     3     1
 3161     2     4
 3162     2    10
 3163     5     9
 3164     9     1
 3165     8     7
 3166     9     9
 3167     7    10
 3168     2     6
 3169     3     1
 3170     3     6
 3171     3     5
 3172    10     2
 3173     5    10
 3174     6    10
 3175     9     5
 3176    10     5
 3177    10     7
 3178     1     3
 3179     4     1
 3180    10     3
 3181     7     3
 3182    10     3
 3183    10     7
 3184     7     7
 3185     9     2
 3186    10     7
 3187     4     4
 3188     1    10
 3189     7     9
 3190     1     3
 3191     2     8
 3192     6     3
 3193     7    10
 3194     1    10
 3195    10     9
 3196     7     8
 3197     4     5
 3198     7     2
 3199     1     3
 3200     9     2
 3201     8     9
 3202     3     4
 3203    10     3
 3204     7     1
 3205     1     5
 3206     6     9
 3207     8     7
 3208     6     5
 3209     6     4
 3210     7     6
 3211     5     1
 3212     5     2
 3213     7     6
 3214     3     1
 3215     3     2
 3216     1     2
 3217     1     1
 3218     9     1
 3219     5     2
 3220     8    10
 3221    10     8
 3222     6     2
 3223    10     8
 3224    10     7
 3225     2     5
 3226     5     7
 3227     1     3
 3228     2     2
 3229     7     5
 3230     6     6
 3231     1     7
 3232     3     8
 3233     6     1
 3234     5    10
 3235     1     9
 3236     3     5
 3237     2     9
 3238     4     2
 3239     8     8
 3240     7     1
 3241     5     2
 3242     8     7
 3243     1     9
 3244     3     6
 3245    10     5
 3246     3     8
 3247     8     5
 3248    10     4
 3249     9     2
 3250     8     9
 3251     7     2
 3252     8     6
 3253     3     3
 3254     9     7
 3255     6     3
 3256     1    10
 3257     1     1
 3258    10     1
 3259     7     4
 3260    10     8
 3261     9     9
 3262     4     6
 3263     1    10
 3264     6     8
 3265     1     3
 3266     5     2
 3267     4     4
 3268     8     1
 3269     8     1
 3270     8     5
 3271     7     5
 3272     4     8
 3273     8     3
 3274     1    10
 3275     3     4
 3276     8     1
 3277     3     2
 3278     2     8
 3279     4     7
 3280     7     4
 3281     3     2
 3282     1     1
 3283    10     7
 3284     3     8
 3285     8     2
 3286    10     3
 3287     4     6
 3288     8     3
 3289     8     3
 3290     2     9
 3291     8     7
 3292     9    10
 3293     6     8
 3294     3     5
 3295     3     6
 3296     7     8
 3297     3    10
 3298     3     2
 3299     9     9
 3300     4    10
 3301     8     7
 3302    10     2
 3303     9    10
 3304     7     2
 3305     5     9
 3306     1     3
 3307     7     7
 3308     8     8
 3309     9     8
 3310     2    10
 3311     3     6
 3312     6     9
 3313     9     8
 3314     1    10
 3315     1     6
 3316     8     9
 3317    10     5
 3318    10     8
 3319     8     2
 3320     7     7
 3321     4     2
 3322     8     6
 3323     2     6
 3324     3     6
 3325     3     7
 3326     6     2
 3327     5     5
 3328    10     3
 3329     2     5
 3330     4     4
 3331     7     2
 3332     7     2
 3333     2     8
 3334     2     8
 3335     9     3
 3336     6     6
 3337     7     5
 3338     4     9
 3339     9     6
 3340     6     1
 3341     2     3
 3342     8     4
 3343     7     8
 3344     3     6
 3345     1     4
 3346     2     2
 3347     8     5
 3348     4     3
 3349     9     1
 3350     5     8
 3351     3     7
 3352     2     2
18390
