3352
    1     2     1
    2     3     2
    3     2     3
    4     6     6
    5     8     7
    6     3     2
    7     2     2
    8     9     8
    9     1     1
   10     2     3
   11     5     5
   12     4     5
   13     7     8
   14     5     6
   15     9     9
   16     7     6
   17     1     1
   18     6     5
   19     4     3
   20     8     9
   21     4     3
   22     6     5
   23     7     8
   24     9     9
   25     7     8
   26     4     4
   27     6     5
   28     6     5
   29     2     3
   30     5     5
   31     2     3
   32     9    10
   33     4     4
   34     5     6
   35     3     4
   36     6     7
   37     5     5
   38     7     7
   39     8     7
   40     8     8
   41     3     2
   42     8     9
   43     3     4
   44     3     4
   45    10    10
   46     3     2
   47     3     3
   48     1     1
   49     6     7
   50     3     3
   51     9     8
   52     5     6
   53     5     4
   54     1     2
   55     4     3
   56     6     7
   57     7     8
   58     8     7
   59     3     2
   60     4     3
   61     9     8
   62     7     7
   63     2     1
   64     4     4
   65    10     9
   66     2     3
   67     6     5
   68     3     3
   69     4     4
   70     2     2
   71     4     4
   72    10     9
   73     7     8
   74     4     5
   75     9     9
   76     3     2
   77     9     8
   78     4     5
   79    10     9
   80     6     5
   81     4     5
   82     1     1
   83     6     7
   84     3     2
   85    11    10
   86     5     5
   87     8     9
   88     9     8
   89     8     7
   90     1     1
   91     4     5
   92     2     1
   93     1     1
   94     4     5
   95     6     6
   96     8     8
   97     9    10
   98     3     2
   99     9    10
  100     1     1
  101     8     9
  102     3     3
  103     3     4
  104     4     4
  105     1     1
  106     9    10
  107     6     7
  108     2     1
  109     1     1
  110     4     3
  111     9    10
  112     1     1
  113     7     7
  114     9     8
  115     4     3
  116    10     9
  117     2     2
  118     4     4
  119     6     7
  120    10    10
  121     7     6
  122     3     4
  123     6     5
  124     5     6
  125     4     3
  126     8     8
  127     8     7
  128     1     1
  129     8     8
  130     6     6
  131     5     6
  132     4     4
  133    11    10
  134     9    10
  135     5     4
  136     6     6
  137     7     6
  138     4     4
  139     5     5
  140     1     2
  141    10     9
  142    10     9
  143     4     5
  144     9    10
  145     7     8
  146     1     1
  147    10     9
  148     7     8
  149     9     8
  150     7     7
  151     7     7
  152     6     6
  153     9     9
  154     9     9
  155     6     7
  156     1     1
  157     1     1
  158    11    10
  159     3     2
  160     9    10
  161     1     2
  162    10     9
  163     2     2
  164     3     4
  165     7     8
  166     6     7
  167    11    10
  168    11    10
  169     9    10
  170     9     8
  171     4     5
  172     8     8
  173     8     7
  174     3     4
  175     1     1
  176     3     2
  177     4     4
  178     6     5
  179     1     1
  180     4     4
  181     7     7
  182     1     2
  183     2     2
  184     4     5
  185     6     5
  186    10    10
  187     9     8
  188     7     7
  189     8     9
  190     9    10
  191     7     8
  192     6     6
  193     4     5
  194    10    10
  195     8     9
  196     4     4
  197     6     6
  198    10     9
  199     1     1
  200     7     7
  201     7     6
  202     2     1
  203     9     8
  204     5     4
  205     8     8
  206     1     1
  207    10     9
  208     1     2
  209     2     1
  210     7     8
  211     5     4
  212     5     5
  213     3     4
  214     7     8
  215     4     5
  216     3     4
  217     4     3
  218     9     8
  219     9     9
  220     3     2
  221     7     6
  222     6     7
  223    10    10
  224     8     8
  225     6     6
  226     1     2
  227    11    10
  228     6     5
  229     7     8
  230     8     7
  231     8     8
  232     1     1
  233     2     1
  234     9     9
  235     6     5
  236     8     9
  237     7     8
  238     3     2
  239     8     7
  240     5     5
  241     5     5
  242     6     7
  243     7     7
  244    10    10
  245     4     4
  246     8     7
  247     4     4
  248    11    10
  249     8     8
  250     2     3
  251     3     4
  252     2     1
  253     6     5
  254     9    10
  255     5     4
  256     6     6
  257     7     7
  258     5     4
  259     6     5
  260     1     2
  261     1     1
  262     4     3
  263     5     6
  264     1     1
  265     6     7
  266     1     1
  267     1     2
  268     1     1
  269     8     7
  270     6     6
  271     1     2
  272     5     6
  273     9     8
  274     4     3
  275     7     6
  276     4     4
  277     5     6
  278     5     5
  279     5     6
  280    10     9
  281     1     1
  282     8     9
  283     7     7
  284     4     5
  285     4     3
  286     8     8
  287     7     7
  288     9     9
  289     1     2
  290     5     4
  291     2     1
  292     6     6
  293     6     6
  294     8     8
  295     7     8
  296     4     4
  297     7     7
  298    11    10
  299     2     2
  300    10     9
  301     2     1
  302    10    10
  303     7     7
  304     4     5
  305     8     9
  306     2     1
  307    10    10
  308     1     2
  309     7     6
  310     6     5
  311     3     2
  312     2     2
  313     9    10
  314     1     1
  315     2     1
  316     3     4
  317     8     7
  318     8     7
  319     1     1
  320     5     4
  321     6     6
  322     1     1
  323     4     3
  324     9     9
  325     1     1
  326     6     7
  327    11    10
  328     3     4
  329     8     8
  330     8     9
  331     4     4
  332    11    10
  333     3     4
  334    10    10
  335     7     6
  336     5     5
  337     3     2
  338     4     4
  339     6     6
  340     6     7
  341     9     9
  342    10     9
  343     2     3
  344     9     8
  345     1     2
  346     5     4
  347     6     6
  348     1     1
  349     6     7
  350     5     6
  351     9    10
  352     8     9
  353     2     1
  354     5     4
  355     8     7
  356     5     5
  357     8     9
  358     6     7
  359     4     3
  360     4     4
  361     5     6
  362     8     7
  363    10    10
  364     6     6
  365     9     8
  366     1     2
  367     7     8
  368     6     5
  369    10     9
  370    10    10
  371     8     7
  372     7     7
  373     9     8
  374     5     5
  375     2     1
  376     5     5
  377     3     2
  378     1     1
  379     8     8
  380     5     5
  381     5     6
  382     2     2
  383    10    10
  384     2     3
  385    10     9
  386     2     1
  387     5     4
  388     8     7
  389     5     4
  390     1     2
  391     7     6
  392     1     1
  393     2     2
  394     3     2
  395     8     9
  396    11    10
  397     5     6
  398     9     8
  399     5     4
  400     3     3
  401     2     3
  402     1     2
  403     9    10
  404     2     1
  405     3     2
  406     8     7
  407     4     5
  408    11    10
  409     8     9
  410     9     9
  411     9     9
  412     7     6
  413     6     7
  414     3     3
  415     8     7
  416     7     7
  417     6     6
  418    10     9
  419     6     5
  420     2     1
  421     7     8
  422     6     5
  423     8     8
  424     1     1
  425     8     7
  426     1     1
  427     8     7
  428     6     7
  429    10    10
  430    11    10
  431     2     1
  432     8     9
  433     6     7
  434     4     3
  435    10     9
  436    10    10
  437     4     5
  438     8     7
  439     9     8
  440     9     8
  441    10    10
  442     1     2
  443     1     1
  444     4     3
  445     7     6
  446    10    10
  447     2     3
  448     2     2
  449     5     6
  450     2     1
  451     6     5
  452     8     9
  453    10     9
  454     2     3
  455     5     5
  456     8     7
  457     6     6
  458     1     1
  459     7     6
  460     9    10
  461     2     3
  462    11    10
  463     3     4
  464     3     3
  465     5     6
  466     8     9
  467     3     3
  468    10    10
  469    10    10
  470     9     8
  471     7     8
  472     5     4
  473     8     7
  474     8     9
  475     3     3
  476     8     8
  477     7     6
  478     5     6
  479     6     7
  480     6     5
  481     8     8
  482     2     2
  483     4     3
  484     3     2
  485     1     1
  486     5     5
  487     3     4
  488     6     5
  489     7     6
  490     9    10
  491     5     6
  492     4     4
  493     7     8
  494     7     7
  495     1     1
  496     8     8
  497     8     9
  498    10     9
  499     9     9
  500     9    10
  501     3     4
  502    10    10
  503     6     7
  504     1     1
  505     6     5
  506     4     5
  507     2     1
  508     5     5
  509     7     8
  510     9     8
  511    11    10
  512     5     4
  513     3     4
  514     7     7
  515     8     9
  516     8     9
  517     8     8
  518     2     2
  519     6     6
  520     9     9
  521     6     5
  522     2     3
  523     8     7
  524     9     9
  525     2     3
  526     8     9
  527     1     1
  528     8     9
  529     1     2
  530     6     6
  531     5     6
  532     6     7
  533     8     7
  534     7     7
  535     8     8
  536     3     3
  537     8     7
  538     3     3
  539     5     5
  540     9     8
  541     5     4
  542     7     7
  543     9    10
  544    10    10
  545     4     3
  546     4     5
  547     2     2
  548     7     6
  549     7     8
  550     5     4
  551     4     3
  552     5     5
  553     7     8
  554     5     5
  555     7     7
  556     7     8
  557     9     9
  558     6     5
  559     1     1
  560     2     2
  561     7     8
  562     2     2
  563     1     1
  564     4     4
  565     2     2
  566     2     2
  567     9     9
  568     3     3
  569     1     1
  570     6     7
  571     6     6
  572     8     7
  573    10     9
  574     2     1
  575    10    10
  576     7     6
  577    11    10
  578     6     6
  579     4     3
  580     5     4
  581     8     7
  582     9     9
  583    10     9
  584     8     9
  585     9     8
  586     2     1
  587     9     9
  588    11    10
  589     8     7
  590     3     4
  591    10     9
  592     2     2
  593     3     4
  594     5     4
  595    11    10
  596     9     8
  597     9     8
  598     1     1
  599    11    10
  600     1     2
  601     7     6
  602     5     6
  603    11    10
  604     7     8
  605     3     3
  606     5     5
  607     2     3
  608     5     6
  609     3     3
  610     3     2
  611     5     4
  612     8     8
  613     5     6
  614     5     4
  615     3     2
  616     3     4
  617     1     1
  618     7     6
  619     9     8
  620     8     9
  621     8     7
  622     3     4
  623     9     8
  624     5     4
  625     7     7
  626     7     8
  627     2     1
  628     2     1
  629     4     4
  630     8     8
  631     2     2
  632     4     5
  633     6     7
  634     6     7
  635     7     7
  636     4     5
  637     7     6
  638    10    10
  639     9    10
  640     4     3
  641     5     5
  642     3     4
  643     7     6
  644     6     7
  645     7     7
  646     4     3
  647     4     4
  648     2     2
  649     9    10
  650     7     6
  651     3     4
  652     1     2
  653     7     6
  654     1     2
  655     9     9
  656     2     1
  657     9    10
  658     6     6
  659     2     1
  660     2     2
  661     2     3
  662     4     3
  663     8     9
  664     6     7
  665     5     4
  666     9    10
  667    11    10
  668     1     2
  669     7     6
  670     6     6
  671     2     1
  672     3     4
  673     2     1
  674     8     8
  675     7     6
  676     8     7
  677    10     9
  678     2     3
  679     4     3
  680     2     1
  681     3     4
  682     5     4
  683    10    10
  684     6     5
  685     6     7
  686    10     9
  687     6     5
  688    10     9
  689     2     1
  690     7     8
  691    11    10
  692     7     6
  693     4     5
  694     9    10
  695     2     1
  696     4     4
  697     4     4
  698     6     7
  699     3     2
  700     3     4
  701     8     7
  702     7     8
  703     6     5
  704     8     8
  705     1     1
  706     3     2
  707     4     3
  708     8     9
  709     7     7
  710     3     2
  711    11    10
  712     3     2
  713     6     5
  714     7     7
  715     5     5
  716     9    10
  717     4     5
  718     6     5
  719     2     3
  720     6     5
  721     7     7
  722     7     6
  723     3     2
  724     1     1
  725     2     3
  726    10    10
  727     5     6
  728     8     8
  729     9    10
  730     5     6
  731     5     5
  732     4     3
  733     1     2
  734     7     7
  735     8     9
  736     2     2
  737     3     4
  738     6     6
  739     6     6
  740    10    10
  741     5     5
  742     9    10
  743    10     9
  744    11    10
  745     8     7
  746     3     3
  747     7     8
  748     8     7
  749     8     7
  750     8     9
  751     4     3
  752     5     6
  753     3     3
  754     1     1
  755     3     2
  756    10    10
  757     6     6
  758     8     9
  759     6     6
  760     7     8
  761     4     5
  762     3     2
  763    11    10
  764     4     4
  765     4     3
  766     1     1
  767    10    10
  768     3     2
  769     6     7
  770     9    10
  771     3     3
  772     7     6
  773     6     6
  774     3     4
  775     4     5
  776     7     6
  777     2     3
  778     7     7
  779     4     3
  780     6     5
  781     9     9
  782     5     6
  783    10    10
  784     8     7
  785     3     3
  786     8     7
  787     1     1
  788     8     8
  789    10    10
  790     2     2
  791     2     1
  792     3     2
  793     8     8
  794     9     8
  795    10    10
  796     3     4
  797     4     4
  798     3     3
  799    10    10
  800     1     1
  801     2     1
  802     2     1
  803     4     4
  804     1     2
  805    10     9
  806     6     7
  807     8     8
  808     9     9
  809     7     7
  810     6     6
  811     8     9
  812     9     9
  813     9    10
  814     6     7
  815     5     5
  816     8     9
  817    11    10
  818    11    10
  819     8     7
  820     6     6
  821     4     5
  822     4     3
  823     6     6
  824     7     6
  825     6     7
  826     5     6
  827     7     8
  828     8     7
  829     4     4
  830     1     1
  831     8     8
  832     4     4
  833     4     5
  834     7     7
  835     1     1
  836     1     2
  837     2     1
  838    11    10
  839     1     1
  840     9     9
  841     1     1
  842     6     5
  843     6     5
  844     9     8
  845     5     5
  846    10     9
  847    10    10
  848     1     2
  849     5     5
  850     6     5
  851     4     5
  852     8     8
  853     6     5
  854    10     9
  855     3     4
  856     5     4
  857    10     9
  858     1     1
  859     7     8
  860     1     2
  861     2     3
  862     5     5
  863     1     1
  864     8     9
  865     2     3
  866     9     9
  867     5     5
  868     1     2
  869     5     6
  870     2     2
  871    10    10
  872     4     3
  873     7     8
  874     6     5
  875     2     2
  876    10     9
  877     9     9
  878    10    10
  879     6     6
  880     3     2
  881     7     7
  882     7     7
  883     9     8
  884     4     3
  885     5     6
  886     2     2
  887     8     9
  888     5     6
  889    10     9
  890     5     4
  891     8     9
  892     6     6
  893     1     1
  894     4     5
  895     2     3
  896     3     3
  897     4     4
  898     2     2
  899     3     4
  900    10    10
  901     5     5
  902     4     3
  903     7     7
  904    10    10
  905     8     8
  906     3     2
  907     5     5
  908     2     2
  909    11    10
  910     4     3
  911    10    10
  912     3     4
  913     7     7
  914     1     1
  915    10     9
  916     3     4
  917     8     8
  918     8     8
  919     4     4
  920     1     1
  921    10    10
  922     8     8
  923     6     6
  924     6     6
  925     8     8
  926     3     3
  927     6     6
  928     4     5
  929     7     7
  930     3     2
  931     6     5
  932     8     8
  933     4     3
  934     7     8
  935    11    10
  936     5     5
  937     8     9
  938     1     1
  939     9    10
  940     5     6
  941     7     7
  942    10     9
  943     2     1
  944     6     6
  945     4     3
  946     9     8
  947     5     4
  948     9     9
  949     7     8
  950     6     7
  951     7     8
  952     8     9
  953     4     3
  954     1     1
  955     7     7
  956     6     7
  957     5     6
  958     5     4
  959     8     8
  960    10    10
  961     2     2
  962     8     8
  963     2     2
  964     7     8
  965    11    10
  966    10    10
  967     1     2
  968     2     3
  969     4     3
  970     4     3
  971    10    10
  972     9    10
  973     2     3
  974    10     9
  975    10    10
  976     2     1
  977     2     3
  978     3     2
  979     3     4
  980     1     2
  981     3     4
  982    11    10
  983     2     2
  984     6     5
  985     8     8
  986     2     2
  987     9     9
  988     8     7
  989     6     5
  990     8     8
  991     2     2
  992    10     9
  993     7     8
  994     4     5
  995     4     4
  996     5     4
  997     3     2
  998     1     2
  999     2     2
 1000     9     8
 1001     8     8
 1002     5     4
 1003     9     8
 1004     9     8
 1005     3     4
 1006     9     9
 1007     7     7
 1008     3     3
 1009     1     1
 1010     7     8
 1011     2     2
 1012     6     6
 1013     3     2
 1014    10    10
 1015     3     4
 1016    10    10
 1017     7     8
 1018     2     2
 1019     4     3
 1020     1     2
 1021     3     4
 1022    10     9
 1023     4     3
 1024     5     6
 1025     3     2
 1026     5     5
 1027     3     3
 1028     1     2
 1029     8     8
 1030     4     5
 1031     1     1
 1032     1     1
 1033     3     3
 1034     8     9
 1035     5     6
 1036     3     2
 1037     7     6
 1038     7     8
 1039     7     7
 1040     7     8
 1041     7     6
 1042     6     5
 1043     2     1
 1044     4     3
 1045     4     3
 1046     7     6
 1047     9     9
 1048     7     6
 1049     9    10
 1050     1     1
 1051     5     6
 1052     4     5
 1053     4     4
 1054     4     4
 1055     6     5
 1056     6     6
 1057     1     1
 1058     5     5
 1059     7     7
 1060     8     9
 1061     3     4
 1062     1     1
 1063    10    10
 1064     5     5
 1065     1     2
 1066     9     9
 1067     6     7
 1068     5     4
 1069     8     9
 1070    10     9
 1071     4     5
 1072     9     9
 1073     6     6
 1074    11    10
 1075     8     7
 1076     4     5
 1077     8     7
 1078    10     9
 1079     9    10
 1080     3     2
 1081    10    10
 1082     7     8
 1083     5     5
 1084     6     6
 1085     2     1
 1086    10     9
 1087     1     1
 1088     3     4
 1089     4     4
 1090     5     6
 1091     4     4
 1092     8     7
 1093     9    10
 1094     2     1
 1095     5     5
 1096    10    10
 1097     1     1
 1098     1     1
 1099    10    10
 1100     4     4
 1101     4     3
 1102     9    10
 1103     5     4
 1104     8     9
 1105     3     2
 1106    11    10
 1107     9     9
 1108     7     7
 1109    11    10
 1110     8     9
 1111     8     8
 1112     2     3
 1113     1     1
 1114     2     3
 1115     4     4
 1116     3     2
 1117    11    10
 1118     7     6
 1119     3     4
 1120     5     6
 1121     4     3
 1122     8     7
 1123     9     8
 1124     1     1
 1125     7     7
 1126     3     2
 1127     8     9
 1128     2     1
 1129     1     1
 1130     2     2
 1131     5     5
 1132     9    10
 1133     5     4
 1134     7     7
 1135    11    10
 1136     2     1
 1137     5     4
 1138     3     3
 1139     7     6
 1140     2     1
 1141     1     2
 1142     9     9
 1143    11    10
 1144     1     1
 1145    10    10
 1146     2     2
 1147     1     2
 1148     5     5
 1149    11    10
 1150     4     5
 1151     7     7
 1152     8     9
 1153     4     5
 1154     2     1
 1155     3     2
 1156     4     4
 1157     6     6
 1158     1     2
 1159     9     9
 1160     1     1
 1161     8     8
 1162    11    10
 1163     8     9
 1164     6     7
 1165     3     3
 1166     7     6
 1167     9     8
 1168    10    10
 1169     4     5
 1170     9     8
 1171     3     2
 1172     9     9
 1173     5     5
 1174     2     2
 1175     9    10
 1176     1     1
 1177     2     3
 1178     4     5
 1179     7     6
 1180     9     9
 1181     2     2
 1182     4     4
 1183     6     6
 1184     4     4
 1185     5     5
 1186     8     8
 1187     4     4
 1188     4     4
 1189     6     6
 1190     7     6
 1191     4     3
 1192     2     3
 1193     7     6
 1194    10    10
 1195     7     8
 1196     7     7
 1197     2     2
 1198     4     3
 1199     8     7
 1200     3     4
 1201     9     9
 1202     7     6
 1203     8     7
 1204    10     9
 1205     7     6
 1206     9     8
 1207     2     1
 1208     9     8
 1209     7     7
 1210     3     4
 1211    10    10
 1212     6     5
 1213     2     3
 1214     6     5
 1215     3     2
 1216     9    10
 1217     8     8
 1218     1     1
 1219     5     4
 1220     9    10
 1221    10    10
 1222     1     1
 1223     6     6
 1224     1     2
 1225     2     1
 1226     3     3
 1227     8     8
 1228    10    10
 1229     9     8
 1230     2     2
 1231     6     5
 1232     8     8
 1233     5     6
 1234     4     5
 1235     9     9
 1236     4     5
 1237     6     7
 1238     7     8
 1239     9     8
 1240     3     3
 1241     3     3
 1242     2     3
 1243     6     7
 1244     4     4
 1245     2     3
 1246     8     9
 1247     9    10
 1248     7     6
 1249     9     8
 1250     7     7
 1251     6     5
 1252     8     7
 1253     6     6
 1254     6     5
 1255    10     9
 1256     5     4
 1257    10     9
 1258     4     3
 1259     6     7
 1260     6     7
 1261     5     6
 1262     2     2
 1263     8     9
 1264    10     9
 1265     8     8
 1266     3     2
 1267     9    10
 1268     9     8
 1269     5     4
 1270     9     9
 1271     8     9
 1272     1     1
 1273     2     2
 1274     8     8
 1275     7     6
 1276     8     9
 1277     3     2
 1278     5     5
 1279     9     9
 1280    11    10
 1281     7     6
 1282     9    10
 1283     8     9
 1284     4     3
 1285     2     1
 1286     4     3
 1287     2     1
 1288     8     8
 1289    10     9
 1290     9     9
 1291     4     5
 1292    10    10
 1293     8     8
 1294     4     3
 1295    11    10
 1296     7     6
 1297     1     1
 1298     1     2
 1299     9    10
 1300     6     6
 1301     5     6
 1302     9    10
 1303     8     9
 1304     3     4
 1305     9     9
 1306     4     3
 1307    11    10
 1308     7     7
 1309     9     8
 1310     4     3
 1311     7     8
 1312     4     3
 1313     5     5
 1314     3     3
 1315     7     8
 1316     4     3
 1317     9     8
 1318     1     2
 1319     7     7
 1320     9     9
 1321     9     9
 1322     8     8
 1323     2     2
 1324     2     3
 1325     6     5
 1326     6     6
 1327    10     9
 1328     2     2
 1329     4     3
 1330     2     2
 1331     3     2
 1332     7     7
 1333     7     7
 1334     4     4
 1335     4     3
 1336     8     9
 1337     6     6
 1338     2     3
 1339     6     6
 1340     9    10
 1341     7     8
 1342     5     4
 1343     5     5
 1344    11    10
 1345     9     9
 1346     7     7
 1347     3     2
 1348     1     2
 1349     9     8
 1350     6     7
 1351     4     3
 1352     8     9
 1353    10     9
 1354     8     9
 1355     2     3
 1356     2     2
 1357     3     4
 1358     2     1
 1359     4     5
 1360    10     9
 1361     2     1
 1362     8     8
 1363     6     6
 1364     2     2
 1365     5     5
 1366     4     5
 1367     8     8
 1368     8     7
 1369     3     2
 1370     1     2
 1371     3     2
 1372     2     1
 1373    11    10
 1374     9     9
 1375     3     4
 1376     8     9
 1377    11    10
 1378     4     3
 1379     4     5
 1380     8     7
 1381     2     2
 1382     9     9
 1383     1     2
 1384     1     1
 1385     3     4
 1386     8     7
 1387     3     3
 1388     9     9
 1389     2     3
 1390     8     9
 1391     8     8
 1392     4     5
 1393     5     4
 1394     2     1
 1395     3     3
 1396     4     3
 1397     9     9
 1398     8     8
 1399     2     1
 1400     8     8
 1401     3     2
 1402     2     3
 1403     2     1
 1404     8     9
 1405     6     5
 1406     9     9
 1407     9    10
 1408     1     1
 1409     9    10
 1410     5     4
 1411     7     8
 1412     2     3
 1413     7     8
 1414     2     1
 1415     1     1
 1416     3     4
 1417     7     8
 1418    11    10
 1419     6     6
 1420     8     7
 1421     8     7
 1422     3     4
 1423     2     1
 1424     1     1
 1425     7     6
 1426     6     6
 1427     9     8
 1428     8     8
 1429     3     4
 1430     9    10
 1431     2     2
 1432     5     5
 1433     6     7
 1434     6     5
 1435     6     6
 1436     1     1
 1437    10    10
 1438     5     6
 1439     4     5
 1440     3     3
 1441     1     1
 1442     5     6
 1443     6     5
 1444     4     4
 1445     7     7
 1446     2     1
 1447     8     9
 1448     3     2
 1449     4     3
 1450    10     9
 1451     1     1
 1452     7     8
 1453     2     3
 1454     3     4
 1455     8     9
 1456     5     5
 1457     9     8
 1458     4     3
 1459     6     5
 1460     3     3
 1461     8     8
 1462     8     7
 1463     9     8
 1464     3     2
 1465     2     2
 1466    10    10
 1467    11    10
 1468     3     2
 1469     7     7
 1470     7     7
 1471     1     2
 1472    10    10
 1473     2     1
 1474     9     8
 1475    11    10
 1476     6     5
 1477     3     4
 1478     2     3
 1479     4     5
 1480     3     4
 1481     8     7
 1482     6     7
 1483     9     9
 1484     6     5
 1485     6     6
 1486     7     7
 1487     8     8
 1488     7     6
 1489     9     9
 1490     3     2
 1491    10     9
 1492     3     4
 1493     3     4
 1494     6     6
 1495    11    10
 1496     6     7
 1497     9     9
 1498     4     5
 1499     1     1
 1500     8     8
 1501     1     1
 1502     4     5
 1503     9     9
 1504     9     9
 1505     2     1
 1506     3     3
 1507     5     6
 1508     9     9
 1509     4     3
 1510     4     3
 1511     4     5
 1512    10    10
 1513     5     4
 1514    10    10
 1515     5     5
 1516    11    10
 1517     5     5
 1518    10    10
 1519     9     9
 1520     7     6
 1521     5     4
 1522     4     4
 1523     8     9
 1524     8     7
 1525     4     5
 1526     4     4
 1527     1     2
 1528     7     6
 1529     6     6
 1530     9     9
 1531     9    10
 1532     9    10
 1533     2     3
 1534     1     1
 1535     4     4
 1536     5     6
 1537     5     5
 1538     5     4
 1539     7     7
 1540     6     7
 1541     5     5
 1542     7     8
 1543     1     1
 1544    10    10
 1545     1     1
 1546     5     5
 1547     4     5
 1548     3     4
 1549     6     6
 1550     5     4
 1551     2     1
 1552    10     9
 1553     8     9
 1554     2     3
 1555    10     9
 1556     7     7
 1557     4     4
 1558     5     6
 1559     1     1
 1560     4     4
 1561     6     6
 1562     8     8
 1563    10    10
 1564     1     1
 1565    11    10
 1566     9     8
 1567     3     4
 1568     8     8
 1569     6     5
 1570     4     5
 1571     4     3
 1572     6     5
 1573     9     9
 1574     3     2
 1575    10    10
 1576     4     4
 1577    11    10
 1578     9     9
 1579    11    10
 1580     3     2
 1581    10    10
 1582     9     8
 1583     2     1
 1584     5     4
 1585     4     3
 1586     1     1
 1587     3     4
 1588     1     1
 1589     2     1
 1590     5     5
 1591     5     4
 1592     8     8
 1593     2     3
 1594     9     9
 1595     1     1
 1596     5     5
 1597     6     5
 1598     7     6
 1599     8     8
 1600     1     2
 1601     9     8
 1602    10     9
 1603     7     6
 1604     9    10
 1605     6     7
 1606     6     6
 1607    10    10
 1608     7     8
 1609     6     5
 1610     6     5
 1611     8     9
 1612     1     1
 1613     5     4
 1614     5     5
 1615     7     6
 1616     3     4
 1617    10     9
 1618     5     5
 1619     1     1
 1620     4     5
 1621     4     3
 1622     4     3
 1623     7     8
 1624     7     7
 1625     4     4
 1626    10    10
 1627     2     2
 1628     9     9
 1629     3     2
 1630     6     6
 1631     4     3
 1632     7     8
 1633     2     2
 1634     2     1
 1635     5     4
 1636    10     9
 1637     5     6
 1638     1     1
 1639     2     3
 1640     1     1
 1641     6     7
 1642     2     2
 1643     8     7
 1644     6     6
 1645     2     1
 1646     3     3
 1647     3     2
 1648     7     6
 1649     5     6
 1650     8     8
 1651     1     1
 1652     9     8
 1653     4     5
 1654     2     3
 1655     1     1
 1656     7     8
 1657     2     3
 1658     5     5
 1659     7     8
 1660     2     2
 1661     6     6
 1662     7     7
 1663     6     6
 1664     4     3
 1665     4     3
 1666     8     9
 1667     9     8
 1668     9     8
 1669     3     2
 1670     3     3
 1671     4     4
 1672     2     3
 1673     8     8
 1674     8     8
 1675     8     9
 1676     4     3
 1677     7     6
 1678     9     9
 1679    10    10
 1680     8     7
 1681     6     7
 1682     7     7
 1683     8     9
 1684     4     3
 1685     2     3
 1686     8     8
 1687    11    10
 1688     4     4
 1689     2     2
 1690     8     8
 1691     3     2
 1692     2     3
 1693     5     6
 1694     2     1
 1695     4     3
 1696     9    10
 1697     4     4
 1698     6     6
 1699     5     4
 1700     6     7
 1701     2     1
 1702     5     5
 1703     2     2
 1704     5     4
 1705     3     4
 1706     1     2
 1707     7     7
 1708     2     3
 1709     2     1
 1710     4     4
 1711     1     1
 1712     4     3
 1713     7     6
 1714     9     9
 1715     7     7
 1716     6     5
 1717     5     6
 1718     6     6
 1719     5     6
 1720     8     9
 1721    11    10
 1722     7     6
 1723     1     1
 1724    11    10
 1725    11    10
 1726     2     3
 1727     4     3
 1728     2     2
 1729     1     2
 1730     9     9
 1731     5     4
 1732     3     4
 1733     2     1
 1734     5     4
 1735     7     7
 1736     2     3
 1737     7     7
 1738     4     3
 1739     5     6
 1740     4     5
 1741     3     4
 1742     5     4
 1743     4     5
 1744     6     7
 1745     3     4
 1746     1     1
 1747     4     4
 1748     2     1
 1749     2     3
 1750     5     6
 1751     6     5
 1752     7     7
 1753     3     4
 1754     3     2
 1755     4     4
 1756     7     8
 1757     1     1
 1758     7     6
 1759     6     7
 1760     9    10
 1761     4     5
 1762     4     5
 1763     8     7
 1764     9    10
 1765     3     2
 1766    11    10
 1767     6     6
 1768     9     9
 1769     4     3
 1770     5     5
 1771     6     5
 1772     4     4
 1773     4     4
 1774    10    10
 1775     4     3
 1776    11    10
 1777     8     8
 1778     1     1
 1779    10     9
 1780     4     5
 1781     8     7
 1782     6     5
 1783     8     7
 1784     6     7
 1785     9     9
 1786     6     5
 1787     5     5
 1788    10    10
 1789     8     8
 1790     9     9
 1791     5     4
 1792     1     2
 1793     7     6
 1794     5     5
 1795     5     4
 1796     3     4
 1797     3     4
 1798     8     8
 1799     7     8
 1800     5     5
 1801     9     9
 1802     4     5
 1803     9     8
 1804     3     2
 1805    10     9
 1806     8     8
 1807     7     8
 1808     4     3
 1809     9    10
 1810     4     3
 1811     6     5
 1812     3     2
 1813     6     5
 1814     2     2
 1815    10     9
 1816     4     5
 1817    10    10
 1818    11    10
 1819     5     4
 1820     9     8
 1821     3     2
 1822     2     1
 1823     9     9
 1824    10     9
 1825     7     8
 1826     6     6
 1827    11    10
 1828     3     4
 1829     6     6
 1830     4     4
 1831    11    10
 1832     9    10
 1833     6     7
 1834     5     4
 1835     2     2
 1836     5     6
 1837     3     3
 1838     8     8
 1839     8     9
 1840     7     7
 1841     4     3
 1842     8     7
 1843     8     7
 1844     2     1
 1845     5     5
 1846     7     8
 1847     6     7
 1848     2     3
 1849     4     3
 1850     9     8
 1851     4     4
 1852    10    10
 1853     8     8
 1854     1     2
 1855     5     4
 1856     8     8
 1857     2     2
 1858     2     2
 1859     7     8
 1860     1     1
 1861     1     1
 1862     1     2
 1863     8     8
 1864     2     3
 1865    10     9
 1866     7     7
 1867    11    10
 1868     6     5
 1869     2     3
 1870     8     8
 1871     6     5
 1872     5     4
 1873     4     4
 1874     5     6
 1875     1     1
 1876     3     4
 1877     1     2
 1878     3     3
 1879     8     9
 1880     2     2
 1881     4     3
 1882     7     7
 1883     1     1
 1884     6     5
 1885     3     2
 1886     3     3
 1887     1     2
 1888     6     5
 1889     7     6
 1890     3     3
 1891     1     1
 1892     9    10
 1893     6     5
 1894     7     8
 1895    10     9
 1896     7     8
 1897    10    10
 1898     4     3
 1899     3     2
 1900     2     3
 1901     9     8
 1902     6     7
 1903    10    10
 1904     2     2
 1905    11    10
 1906     2     2
 1907     8     7
 1908     2     2
 1909     6     7
 1910     1     2
 1911     2     2
 1912     1     1
 1913     1     1
 1914     6     6
 1915     1     1
 1916     1     1
 1917     1     1
 1918     8     9
 1919     5     4
 1920     9     8
 1921     3     3
 1922    11    10
 1923     2     1
 1924     6     6
 1925     2     3
 1926     1     2
 1927     7     6
 1928     1     1
 1929     7     6
 1930    11    10
 1931     6     5
 1932     6     5
 1933     3     4
 1934    11    10
 1935     4     5
 1936     1     2
 1937     3     3
 1938     2     2
 1939    10    10
 1940     9    10
 1941     2     2
 1942    10    10
 1943     9    10
 1944     1     2
 1945     1     2
 1946     4     4
 1947     7     6
 1948     2     2
 1949     3     4
 1950     3     4
 1951     3     4
 1952     4     3
 1953     5     6
 1954     5     5
 1955     3     3
 1956     9     9
 1957     9    10
 1958     5     4
 1959     8     9
 1960     9     8
 1961     8     7
 1962     1     1
 1963     6     5
 1964     7     8
 1965    10    10
 1966     8     8
 1967     4     5
 1968    11    10
 1969     4     4
 1970     2     3
 1971     7     6
 1972     8     9
 1973     4     4
 1974     5     5
 1975     6     7
 1976     5     6
 1977     2     1
 1978     9     9
 1979     4     4
 1980     6     7
 1981     8     9
 1982     8     9
 1983    10     9
 1984    11    10
 1985     5     5
 1986     1     2
 1987     9    10
 1988     3     4
 1989     8     7
 1990     4     5
 1991     1     1
 1992     4     4
 1993     4     5
 1994     2     1
 1995     3     4
 1996    10     9
 1997     1     1
 1998     4     4
 1999     9     8
 2000     8     9
 2001     9    10
 2002     8     7
 2003     9    10
 2004     4     5
 2005     1     2
 2006     5     6
 2007     1     1
 2008     8     8
 2009     1     2
 2010    10    10
 2011     5     4
 2012     6     5
 2013     1     1
 2014     5     5
 2015     3     4
 2016     8     7
 2017     2     3
 2018    10     9
 2019     6     6
 2020     6     6
 2021    10    10
 2022    10    10
 2023     2     1
 2024     6     5
 2025     6     6
 2026     5     4
 2027     3     4
 2028     8     9
 2029     8     8
 2030     4     5
 2031     1     1
 2032    10     9
 2033     1     1
 2034     9     9
 2035     5     4
 2036    10     9
 2037     5     5
 2038     5     4
 2039    11    10
 2040     6     7
 2041     4     5
 2042     9    10
 2043     3     4
 2044     6     7
 2045     2     1
 2046    10     9
 2047     1     1
 2048     1     1
 2049     2     3
 2050     8     8
 2051    10    10
 2052     1     1
 2053     3     4
 2054     1     1
 2055     9     8
 2056     7     6
 2057     4     3
 2058     5     5
 2059     5     5
 2060     7     6
 2061     6     5
 2062     8     9
 2063     9     9
 2064     6     6
 2065     1     1
 2066     5     4
 2067     8     8
 2068     9    10
 2069    10    10
 2070     5     4
 2071     8     8
 2072     2     3
 2073     7     7
 2074     8     9
 2075    11    10
 2076    11    10
 2077     1     2
 2078    10    10
 2079     8     9
 2080     7     8
 2081     3     4
 2082     1     2
 2083     8     9
 2084     5     6
 2085     8     8
 2086     9     9
 2087     8     7
 2088     7     8
 2089    10    10
 2090     8     7
 2091     8     7
 2092     1     1
 2093     8     7
 2094     9    10
 2095     8     7
 2096     6     5
 2097     2     1
 2098     7     7
 2099     8     9
 2100     1     1
 2101     4     5
 2102     2     1
 2103     6     6
 2104    10     9
 2105     6     6
 2106     7     6
 2107     1     1
 2108     8     8
 2109     4     3
 2110     1     2
 2111     6     7
 2112     9    10
 2113     2     1
 2114     6     7
 2115     8     8
 2116     5     5
 2117     8     9
 2118     4     3
 2119     4     4
 2120     4     5
 2121     3     3
 2122     1     1
 2123     5     5
 2124     4     5
 2125     1     1
 2126     5     5
 2127     3     2
 2128     3     3
 2129     7     7
 2130     1     1
 2131     6     6
 2132     6     5
 2133     1     1
 2134     8     9
 2135    10     9
 2136    11    10
 2137     1     1
 2138     3     4
 2139     8     9
 2140     7     8
 2141    10    10
 2142     3     3
 2143     8     8
 2144     8     8
 2145    10    10
 2146     9     8
 2147     7     8
 2148     8     8
 2149     2     2
 2150     2     2
 2151     8     8
 2152     4     4
 2153     7     7
 2154     8     8
 2155     5     6
 2156     1     2
 2157     5     5
 2158     7     6
 2159    10     9
 2160     8     7
 2161     9     9
 2162     8     8
 2163     7     8
 2164     1     2
 2165     2     3
 2166     8     7
 2167     2     3
 2168     7     6
 2169     7     8
 2170     4     4
 2171     3     4
 2172     9     9
 2173     1     1
 2174     5     5
 2175     4     3
 2176     2     2
 2177     3     2
 2178     4     4
 2179     6     7
 2180     8     7
 2181     8     7
 2182     3     2
 2183     3     4
 2184     5     4
 2185     7     6
 2186    10    10
 2187    11    10
 2188     7     7
 2189     9     8
 2190     8     8
 2191    11    10
 2192     3     2
 2193     5     6
 2194     8     9
 2195     1     2
 2196     1     1
 2197     2     3
 2198     9     8
 2199     6     5
 2200     1     2
 2201     2     1
 2202     8     7
 2203     6     5
 2204     6     6
 2205     5     4
 2206     6     5
 2207     5     6
 2208     3     2
 2209     9    10
 2210     4     3
 2211     5     4
 2212     8     9
 2213     5     4
 2214     5     6
 2215     8     7
 2216     9     8
 2217    10    10
 2218     2     2
 2219     3     4
 2220     1     1
 2221     6     5
 2222     6     5
 2223     6     7
 2224     2     2
 2225     7     7
 2226     8     7
 2227    11    10
 2228     8     7
 2229     6     6
 2230     9    10
 2231     5     4
 2232     5     5
 2233     1     1
 2234    10     9
 2235     3     3
 2236     5     6
 2237     5     6
 2238     7     7
 2239    11    10
 2240     6     6
 2241     4     5
 2242     5     6
 2243     2     2
 2244     8     9
 2245     7     6
 2246     7     7
 2247     1     1
 2248     4     5
 2249     7     7
 2250     2     1
 2251     2     3
 2252     8     9
 2253     5     5
 2254     4     3
 2255     5     5
 2256     4     4
 2257     8     9
 2258     6     6
 2259     8     7
 2260     7     6
 2261     6     7
 2262     9     8
 2263     8     9
 2264     3     4
 2265     4     5
 2266     8     9
 2267    11    10
 2268     1     1
 2269     4     5
 2270     6     6
 2271     8     8
 2272     9     8
 2273     5     5
 2274     4     4
 2275     4     3
 2276     7     8
 2277     2     1
 2278     9     8
 2279     8     7
 2280     4     3
 2281     1     1
 2282    10     9
 2283     5     6
 2284     6     6
 2285     3     3
 2286     4     3
 2287     7     6
 2288     3     3
 2289     9     9
 2290     6     7
 2291     2     2
 2292     1     1
 2293     2     3
 2294     1     1
 2295     7     8
 2296     8     8
 2297     8     8
 2298     1     2
 2299     1     1
 2300     5     6
 2301     5     6
 2302     9     8
 2303     2     1
 2304     4     5
 2305     3     3
 2306     2     3
 2307     5     6
 2308     5     5
 2309     3     2
 2310    11    10
 2311     9    10
 2312     3     3
 2313     5     5
 2314     9     9
 2315     1     1
 2316     5     6
 2317     5     5
 2318     2     2
 2319     9    10
 2320     3     2
 2321     6     6
 2322    10     9
 2323     3     4
 2324     2     3
 2325     4     3
 2326     1     2
 2327     1     2
 2328     5     5
 2329     8     9
 2330     7     7
 2331     1     1
 2332     3     4
 2333     5     5
 2334     8     8
 2335     4     4
 2336     3     3
 2337     2     2
 2338     7     8
 2339     7     6
 2340     4     3
 2341     8     9
 2342     8     7
 2343     2     2
 2344     3     2
 2345     6     7
 2346    10    10
 2347     4     5
 2348     6     6
 2349    10    10
 2350    10     9
 2351     5     5
 2352     1     2
 2353    10    10
 2354     8     8
 2355     8     7
 2356     4     5
 2357     9     9
 2358     3     2
 2359     8     8
 2360     7     6
 2361     6     6
 2362     3     3
 2363     6     7
 2364     1     1
 2365     2     1
 2366     5     4
 2367     1     1
 2368     6     6
 2369     6     6
 2370     6     6
 2371     3     4
 2372    10    10
 2373     4     4
 2374     1     1
 2375     2     1
 2376     3     2
 2377     2     3
 2378     9     9
 2379     4     5
 2380     4     3
 2381     2     3
 2382     8     9
 2383     2     1
 2384     5     5
 2385     9    10
 2386     6     7
 2387    11    10
 2388     1     2
 2389     7     6
 2390     4     3
 2391     1     1
 2392     4     4
 2393     8     8
 2394     3     4
 2395     1     1
 2396     8     8
 2397    11    10
 2398     2     2
 2399     7     7
 2400     6     5
 2401     5     6
 2402     7     6
 2403     6     6
 2404     5     5
 2405     9     8
 2406     8     9
 2407     8     9
 2408     3     4
 2409     7     8
 2410     2     2
 2411     7     8
 2412     2     1
 2413     6     7
 2414     6     6
 2415     8     7
 2416    10     9
 2417     7     7
 2418     7     8
 2419     9    10
 2420     5     6
 2421     1     1
 2422     3     4
 2423     5     6
 2424     7     8
 2425     5     6
 2426     2     2
 2427     7     6
 2428     8     8
 2429     2     2
 2430    11    10
 2431     3     3
 2432     9    10
 2433    10     9
 2434     3     3
 2435     8     7
 2436     1     2
 2437     9    10
 2438     2     3
 2439    11    10
 2440    10     9
 2441     9     8
 2442     7     8
 2443     1     1
 2444     9     9
 2445     9     9
 2446     1     1
 2447     7     7
 2448     7     7
 2449     5     5
 2450     3     3
 2451     1     1
 2452     2     2
 2453     3     2
 2454     9    10
 2455     8     9
 2456     7     6
 2457     6     5
 2458     3     2
 2459     3     3
 2460     6     7
 2461     6     5
 2462     1     2
 2463     1     1
 2464     2     1
 2465     2     2
 2466    10     9
 2467     4     4
 2468     8     8
 2469     7     7
 2470     7     8
 2471     4     4
 2472     3     4
 2473     8     7
 2474     4     4
 2475     5     4
 2476     4     4
 2477     3     3
 2478     9     9
 2479     8     7
 2480     8     7
 2481     1     1
 2482     5     4
 2483     4     5
 2484     4     5
 2485     9    10
 2486     5     5
 2487     4     5
 2488     4     3
 2489     7     8
 2490     9    10
 2491     8     8
 2492    11    10
 2493     1     1
 2494     2     3
 2495     7     6
 2496     5     4
 2497     5     6
 2498     1     1
 2499     1     2
 2500     6     5
 2501    10    10
 2502     5     4
 2503     4     4
 2504     4     5
 2505     6     5
 2506     6     7
 2507     6     6
 2508     6     5
 2509     3     3
 2510     5     4
 2511     4     4
 2512     3     4
 2513    10    10
 2514     1     1
 2515     6     6
 2516     8     7
 2517     6     6
 2518     5     4
 2519    10     9
 2520     5     4
 2521     8     7
 2522     4     5
 2523     1     2
 2524     4     5
 2525     8     7
 2526     4     3
 2527     8     9
 2528     3     3
 2529     4     4
 2530     4     4
 2531     5     4
 2532     2     1
 2533     8     9
 2534     3     3
 2535    11    10
 2536     5     5
 2537     1     2
 2538     3     4
 2539     1     2
 2540     8     9
 2541     3     2
 2542     6     5
 2543    11    10
 2544     2     2
 2545     6     7
 2546     9     8
 2547     2     1
 2548     4     3
 2549     4     5
 2550     1     2
 2551     3     3
 2552     4     5
 2553     8     8
 2554     7     7
 2555     9    10
 2556     3     4
 2557    10     9
 2558     1     2
 2559     9     8
 2560     6     7
 2561     4     4
 2562     9     8
 2563     5     4
 2564     4     4
 2565     8     9
 2566     8     8
 2567     4     5
 2568     9     9
 2569     6     7
 2570     4     3
 2571     4     4
 2572     7     8
 2573     3     2
 2574     7     6
 2575     8     9
 2576    10     9
 2577     3     4
 2578     1     2
 2579     4     5
 2580     2     2
 2581     3     2
 2582     2     2
 2583     8     8
 2584     8     7
 2585     9     8
 2586     6     6
 2587     8     9
 2588     4     3
 2589     8     9
 2590     2     3
 2591     7     6
 2592     6     6
 2593    11    10
 2594     5     6
 2595     6     7
 2596     2     3
 2597     6     5
 2598     3     2
 2599     3     4
 2600     1     1
 2601     1     2
 2602     2     1
 2603     1     1
 2604    10     9
 2605     6     5
 2606    10     9
 2607     3     3
 2608     5     4
 2609     3     4
 2610     2     2
 2611     7     6
 2612     8     9
 2613     2     1
 2614     1     1
 2615     8     9
 2616     9     9
 2617     4     5
 2618     1     1
 2619     1     2
 2620     2     2
 2621     8     8
 2622     6     7
 2623     1     1
 2624    10    10
 2625     7     7
 2626     8     7
 2627     4     4
 2628     4     3
 2629     7     8
 2630     1     2
 2631     9     9
 2632    10     9
 2633     6     7
 2634     6     7
 2635     1     2
 2636     9     9
 2637     9     8
 2638     3     2
 2639     5     6
 2640     1     2
 2641     7     6
 2642    11    10
 2643     8     9
 2644     1     1
 2645    10     9
 2646     4     5
 2647     3     3
 2648    10    10
 2649     9    10
 2650     7     7
 2651     1     1
 2652     9     9
 2653     7     6
 2654     5     5
 2655    10     9
 2656     9     8
 2657     8     9
 2658     5     4
 2659     1     1
 2660     9     9
 2661     2     3
 2662     3     3
 2663     1     1
 2664     3     2
 2665    10     9
 2666     5     5
 2667     1     1
 2668     6     7
 2669     1     2
 2670     5     4
 2671     6     7
 2672     7     6
 2673     8     7
 2674     4     3
 2675     8     9
 2676     5     6
 2677     4     3
 2678     7     7
 2679     6     5
 2680     8     7
 2681     1     1
 2682     4     5
 2683     6     7
 2684     8     7
 2685     8     7
 2686     6     6
 2687     3     4
 2688     8     8
 2689     2     2
 2690     3     4
 2691     2     1
 2692     6     6
 2693     2     2
 2694     2     3
 2695     2     1
 2696     3     4
 2697     6     6
 2698     5     6
 2699     7     7
 2700     6     5
 2701     9     9
 2702     3     2
 2703     5     4
 2704    10     9
 2705     3     2
 2706     5     4
 2707     1     1
 2708     9     9
 2709    11    10
 2710    11    10
 2711     6     5
 2712     2     1
 2713    10    10
 2714     2     2
 2715     1     1
 2716     4     5
 2717     1     1
 2718    10     9
 2719     5     6
 2720     1     2
 2721     8     7
 2722     8     9
 2723     1     1
 2724    10    10
 2725     3     4
 2726     6     7
 2727     2     3
 2728     1     1
 2729     9    10
 2730     3     3
 2731     4     4
 2732     3     2
 2733     1     2
 2734     5     5
 2735     5     5
 2736     8     9
 2737    10     9
 2738     3     2
 2739     1     1
 2740     4     5
 2741     4     4
 2742     3     3
 2743     9     8
 2744    10    10
 2745     5     4
 2746     5     6
 2747    10     9
 2748     4     5
 2749     7     6
 2750     5     4
 2751     8     9
 2752     5     6
 2753     2     3
 2754    11    10
 2755    11    10
 2756     2     2
 2757     9     8
 2758     1     2
 2759     7     6
 2760    10    10
 2761     4     3
 2762     2     2
 2763     4     4
 2764     7     7
 2765     1     2
 2766     6     6
 2767     8     7
 2768     8     7
 2769     8     9
 2770     7     7
 2771     4     4
 2772     3     4
 2773     7     8
 2774     9     8
 2775     6     7
 2776     8     8
 2777     6     6
 2778     7     8
 2779     9     8
 2780     6     6
 2781     5     6
 2782     6     6
 2783     5     5
 2784     1     2
 2785     6     6
 2786     9     8
 2787     1     1
 2788    10     9
 2789     3     2
 2790     5     5
 2791    10     9
 2792    11    10
 2793     5     5
 2794     1     1
 2795     6     7
 2796    10    10
 2797     7     6
 2798     7     8
 2799     9     8
 2800     4     4
 2801     4     3
 2802     6     6
 2803     8     7
 2804     7     7
 2805     1     1
 2806    11    10
 2807     3     4
 2808     5     6
 2809     1     1
 2810     8     7
 2811     2     3
 2812     1     1
 2813     7     8
 2814    11    10
 2815     3     4
 2816     2     1
 2817     6     5
 2818    10    10
 2819     8     8
 2820     7     6
 2821     1     1
 2822     3     3
 2823     4     3
 2824    10    10
 2825     4     3
 2826     8     7
 2827     2     1
 2828    10    10
 2829     1     2
 2830     4     5
 2831     3     4
 2832     8     7
 2833     1     1
 2834     7     6
 2835     7     8
 2836     9     9
 2837     4     3
 2838     3     4
 2839    11    10
 2840     9    10
 2841     7     8
 2842     9     8
 2843     3     3
 2844     4     3
 2845    10     9
 2846     9     8
 2847     9     9
 2848     1     1
 2849    10     9
 2850     5     6
 2851    10    10
 2852     8     7
 2853     1     2
 2854     7     6
 2855     3     3
 2856     5     5
 2857     4     3
 2858     5     4
 2859     1     2
 2860     5     4
 2861     1     1
 2862     2     1
 2863     5     5
 2864     1     1
 2865     8     8
 2866     1     2
 2867     5     4
 2868     6     5
 2869     6     7
 2870     4     4
 2871     7     6
 2872     5     6
 2873     2     1
 2874     5     4
 2875     4     5
 2876     6     6
 2877     3     3
 2878    10     9
 2879     1     2
 2880    10    10
 2881     2     3
 2882     1     1
 2883     6     6
 2884     8     9
 2885     3     3
 2886     4     3
 2887     9     9
 2888     9     8
 2889     3     3
 2890     7     6
 2891     3     3
 2892     7     7
 2893     5     4
 2894     9     9
 2895     4     5
 2896     7     6
 2897     3     3
 2898     2     1
 2899     6     7
 2900    11    10
 2901     7     8
 2902     5     5
 2903     1     2
 2904     9     9
 2905     4     5
 2906     2     3
 2907     1     1
 2908     4     5
 2909     9     9
 2910     3     2
 2911     7     8
 2912     9     9
 2913     6     5
 2914     3     4
 2915    10    10
 2916     6     5
 2917     4     3
 2918     1     1
 2919     8     8
 2920     9     9
 2921     3     4
 2922     4     4
 2923     7     7
 2924     9     8
 2925     1     1
 2926     8     9
 2927     1     1
 2928     9    10
 2929     6     6
 2930     1     1
 2931     5     5
 2932     3     4
 2933     4     3
 2934     9     8
 2935     1     1
 2936    10    10
 2937     4     5
 2938     1     1
 2939    10    10
 2940     3     3
 2941     3     4
 2942     3     4
 2943    11    10
 2944     3     4
 2945     6     6
 2946     8     7
 2947     2     1
 2948     4     3
 2949     2     2
 2950     5     6
 2951     4     3
 2952     1     1
 2953     7     8
 2954     6     6
 2955     3     4
 2956     5     6
 2957     6     5
 2958     1     2
 2959     8     7
 2960     2     2
 2961     8     8
 2962     6     7
 2963     4     4
 2964     1     2
 2965     5     5
 2966     4     4
 2967     8     7
 2968     7     7
 2969     6     6
 2970     9     9
 2971     8     7
 2972    10     9
 2973     8     7
 2974     8     7
 2975     2     2
 2976     4     5
 2977     6     5
 2978     8     9
 2979     9     8
 2980     6     5
 2981     5     6
 2982     6     7
 2983     7     6
 2984     4     3
 2985     1     1
 2986     3     2
 2987     8     7
 2988    10     9
 2989     1     2
 2990    11    10
 2991     6     5
 2992    11    10
 2993     6     5
 2994     1     2
 2995     3     4
 2996     5     5
 2997     9    10
 2998     7     6
 2999    10    10
 3000     4     3
 3001     5     6
 3002     1     1
 3003     6     7
 3004     7     8
 3005     1     1
 3006     3     2
 3007     1     1
 3008     2     2
 3009    10    10
 3010    10     9
 3011    10    10
 3012     4     5
 3013     4     3
 3014     1     1
 3015     8     8
 3016     7     7
 3017     1     1
 3018     2     2
 3019     8     9
 3020     1     1
 3021     5     4
 3022     4     5
 3023     5     6
 3024     3     3
 3025     1     1
 3026     5     4
 3027     3     3
 3028     7     7
 3029     1     1
 3030     3     4
 3031     3     4
 3032     6     7
 3033    11    10
 3034     2     1
 3035     5     4
 3036     1     2
 3037     3     2
 3038    10    10
 3039     5     6
 3040     5     5
 3041     3     4
 3042     7     6
 3043    11    10
 3044     2     1
 3045     9     9
 3046     7     6
 3047     2     3
 3048     9     8
 3049     5     4
 3050     3     2
 3051    10     9
 3052     1     1
 3053     9     9
 3054     9     8
 3055     9    10
 3056     8     7
 3057     5     4
 3058    10    10
 3059     9     9
 3060     4     3
 3061    10     9
 3062     4     3
 3063     6     5
 3064     2     2
 3065     4     3
 3066     5     6
 3067    10     9
 3068     7     8
 3069     1     2
 3070     3     2
 3071     4     5
 3072     6     7
 3073     8     8
 3074     3     3
 3075     3     4
 3076     2     3
 3077    10    10
 3078     4     3
 3079     3     3
 3080     6     5
 3081     1     1
 3082     6     7
 3083     2     3
 3084     9     9
 3085     6     6
 3086     3     2
 3087     1     1
 3088     6     6
 3089     7     8
 3090     8     9
 3091    10    10
 3092     8     8
 3093     9    10
 3094     4     4
 3095     1     2
 3096    11    10
 3097     1     1
 3098     5     5
 3099     6     5
 3100     4     3
 3101     4     3
 3102     4     3
 3103     5     5
 3104     6     6
 3105     2     1
 3106    10     9
 3107     6     5
 3108     3     2
 3109     1     1
 3110     9     8
 3111     2     2
 3112     2     1
 3113     5     4
 3114     6     7
 3115    11    10
 3116     6     7
 3117     3     2
 3118     9    10
 3119     4     5
 3120     2     3
 3121    11    10
 3122    10     9
 3123     4     5
 3124     4     5
 3125     6     5
 3126     4     5
 3127     1     1
 3128     3     4
 3129     2     2
 3130     5     6
 3131    10    10
 3132     8     7
 3133     2     2
 3134     1     1
 3135    11    10
 3136     7     8
 3137     9     8
 3138     7     8
 3139     2     2
 3140     1     2
 3141     7     7
 3142     8     7
 3143     2     3
 3144     4     4
 3145     1     1
 3146     9     8
 3147     8     9
 3148     4     5
 3149     9    10
 3150     1     1
 3151     7     6
 3152     1     1
 3153     8     8
 3154     5     5
 3155     3     4
 3156     5     4
 3157     1     1
 3158     8     7
 3159     9    10
 3160     1     1
 3161     5     4
 3162    11    10
 3163    10     9
 3164     1     1
 3165     8     7
 3166     8     9
 3167    11    10
 3168     7     6
 3169     2     1
 3170     5     6
 3171     4     5
 3172     3     2
 3173    10    10
 3174    10    10
 3175     6     5
 3176     4     5
 3177     8     7
 3178     3     3
 3179     1     1
 3180     3     3
 3181     4     3
 3182     3     3
 3183     7     7
 3184     8     7
 3185     1     2
 3186     8     7
 3187     5     4
 3188    10    10
 3189    10     9
 3190     2     3
 3191     7     8
 3192     4     3
 3193    11    10
 3194    11    10
 3195    10     9
 3196     8     8
 3197     6     5
 3198     2     2
 3199     3     3
 3200     1     2
 3201     8     9
 3202     3     4
 3203     4     3
 3204     2     1
 3205     6     5
 3206    10     9
 3207     7     7
 3208     5     5
 3209     5     4
 3210     6     6
 3211     1     1
 3212     2     2
 3213     7     6
 3214     1     1
 3215     2     2
 3216     2     2
 3217     1     1
 3218     2     1
 3219     2     2
 3220    11    10
 3221     7     8
 3222     2     2
 3223     8     8
 3224     7     7
 3225     6     5
 3226     7     7
 3227     2     3
 3228     3     2
 3229     5     5
 3230     5     6
 3231     7     7
 3232     8     8
 3233     1     1
 3234    11    10
 3235     8     9
 3236     5     5
 3237    10     9
 3238     3     2
 3239     8     8
 3240     2     1
 3241     2     2
 3242     6     7
 3243    10     9
 3244     6     6
 3245     5     5
 3246     7     8
 3247     5     5
 3248     3     4
 3249     2     2
 3250     8     9
 3251     2     2
 3252     6     6
 3253     4     3
 3254     7     7
 3255     2     3
 3256     9    10
 3257     1     1
 3258     1     1
 3259     4     4
 3260     8     8
 3261     8     9
 3262     6     6
 3263     9    10
 3264     8     8
 3265     4     3
 3266     2     2
 3267     3     4
 3268     1     1
 3269     1     1
 3270     6     5
 3271     5     5
 3272     8     8
 3273     2     3
 3274    10    10
 3275     5     4
 3276     1     1
 3277     3     2
 3278     9     8
 3279     8     7
 3280     5     4
 3281     1     2
 3282     2     1
 3283     7     7
 3284     9     8
 3285     2     2
 3286     4     3
 3287     6     6
 3288     4     3
 3289     2     3
 3290     8     9
 3291     7     7
 3292    10    10
 3293     9     8
 3294     5     5
 3295     7     6
 3296     8     8
 3297    11    10
 3298     1     2
 3299    10     9
 3300     9    10
 3301     6     7
 3302     1     2
 3303     9    10
 3304     3     2
 3305     8     9
 3306     3     3
 3307     7     7
 3308     9     8
 3309     9     8
 3310    10    10
 3311     6     6
 3312     8     9
 3313     9     8
 3314    11    10
 3315     5     6
 3316    10     9
 3317     5     5
 3318     7     8
 3319     1     2
 3320     7     7
 3321     2     2
 3322     5     6
 3323     7     6
 3324     5     6
 3325     8     7
 3326     1     2
 3327     4     5
 3328     2     3
 3329     4     5
 3330     4     4
 3331     2     2
 3332     3     2
 3333     8     8
 3334     9     8
 3335     2     3
 3336     7     6
 3337     5     5
 3338     8     9
 3339     5     6
 3340     2     1
 3341     4     3
 3342     3     4
 3343     9     8
 3344     5     6
 3345     5     4
 3346     2     2
 3347     4     5
 3348     4     3
 3349     1     1
 3350     9     8
 3351     6     7
 3352     1     2
18390
